1024 
1024 
1024 
1024 
1024 
1024 
1024 
1024 
1024 
1024 
1024 
1024 
1024 
1024 
1024 
1024 
1024 
1024 
1024 
1024 
1024 
1024 
1024 
1024 
1024 
1024 
1024 
1024 
1024 
1024 
1024 
1024 
1024 
1024 
1024 
1024 
1024 
1024 
1024 
1024 
1024 
1024 
1024 
1024 
1024 
1024 
1024 
1024 
1024 
1024 
1024 
1024 
1024 
1024 
1024 
1024 
1024 
1024 
1024 
1024 
1024 
1024 
1024 
1024 
1024 
1024 
1024 
1024 
1024 
1024 
1024 
1024 
1024 
1024 
1024 
1024 
1024 
1024 
1024 
1024 
1024 
1024 
1024 
1024 
1024 
1024 
1024 
1024 
1024 
1024 
1024 
1024 
1024 
1024 
1024 
1024 
1024 
1024 
1024 
1024 
1024 
1024 
1024 
1024 
1024 
1024 
1024 
1024 
1024 
1024 
1024 
1024 
1024 
1024 
1024 
1024 
1024 
1024 
1024 
1024 
1024 
1024 
1024 
1024 
1024 
1024 
1024 
1024 
1024 
1024 
1024 
1024 
1024 
1024 
1024 
1024 
1024 
1024 
1024 
1024 
1024 
1024 
1024 
1024 
1024 
1024 
1024 
1024 
1024 
1024 
1024 
1024 
1024 
1024 
1024 
1024 
1024 
1024 
1024 
1024 
1024 
1024 
1024 
1024 
1024 
1024 
1024 
1024 
1024 
1024 
1024 
1024 
1024 
1024 
1024 
1024 
1024 
1024 
1024 
1024 
1024 
1024 
1024 
1024 
1024 
1024 
1024 
1024 
1024 
1024 
1024 
1024 
1024 
1024 
1024 
1024 
1024 
1024 
1024 
1024 
1024 
1024 
1024 
1024 
1024 
1024 
1024 
1024 
1024 
1024 
1024 
1024 
1024 
1024 
1024 
1024 
1024 
1024 
1024 
1024 
1024 
1024 
1024 
1024 
1024 
1024 
1024 
1024 
1024 
1024 
1024 
1024 
1024 
1024 
1024 
1024 
1024 
1024 
1024 
1024 
1024 
1024 
1024 
1024 
1024 
1024 
1024 
1024 
1024 
1024 
1024 
512 0 510 
509 6 507 
507 10 505 
505 14 503 
504 0 0 12 0 0 502 
461 0 42 14 42 0 459 
458 6 38 16 38 6 456 
456 11 36 14 36 11 454 
456 10 0 0 34 16 34 0 0 10 454 
455 12 0 0 31 0 0 16 0 0 31 0 0 12 453 
455 13 33 18 33 13 453 
455 13 34 16 34 13 453 
454 15 30 0 1 16 1 0 30 15 452 
453 16 32 18 32 16 451 
454 16 31 18 31 16 452 
453 16 2 0 29 16 29 0 2 16 451 
454 18 25 1 3 14 3 1 25 18 452 
453 18 26 2 1 16 1 2 26 18 451 
454 17 31 16 31 17 452 
451 0 1 15 0 0 1 1 25 20 25 1 1 0 0 15 1 0 449 
412 0 39 18 1 0 26 20 26 0 1 18 39 0 410 
409 5 37 0 0 16 30 0 0 14 0 0 30 16 0 0 37 5 407 
408 8 0 0 36 17 29 16 29 17 36 0 0 8 406 
407 10 0 0 30 0 3 18 17 4 1 0 5 10 5 0 1 4 17 18 3 0 30 0 0 10 405 
407 11 30 1 2 15 0 0 6 2 9 4 8 10 8 4 9 2 6 0 0 15 2 1 30 11 405 
405 15 29 0 0 1 0 14 0 0 4 5 8 7 0 20 0 7 8 5 4 0 0 14 0 1 0 0 29 15 403 
405 14 33 15 0 0 3 1 0 4 8 7 0 20 0 7 8 4 0 1 3 0 0 15 33 14 403 
405 16 30 2 0 12 3 0 1 6 8 6 0 22 0 6 8 6 1 0 3 12 0 2 30 16 403 
405 16 1 0 31 11 1 3 1 6 10 3 0 24 0 3 10 6 1 3 1 11 31 0 1 16 403 
405 16 0 0 32 0 0 7 0 1 0 3 2 4 0 0 7 38 7 0 0 4 2 3 0 1 0 7 0 0 32 0 0 16 403 
404 19 27 0 8 0 0 12 0 5 8 0 0 0 0 30 0 0 0 0 8 5 0 12 0 0 8 0 27 19 402 
405 17 1 0 0 0 18 2 0 0 2 0 1 0 0 19 3 0 0 0 3 2 0 34 0 2 3 0 0 0 3 19 0 0 1 0 2 0 0 2 18 0 0 0 1 17 403 
405 17 1 2 17 6 1 1 0 23 0 0 0 1 3 42 3 1 0 0 0 23 0 1 1 6 17 2 1 17 403 
406 17 0 0 19 7 0 31 4 0 0 36 0 0 4 31 0 7 19 0 0 17 404 
405 21 18 6 0 30 6 40 6 30 0 6 18 21 403 
407 19 6 1 10 41 1 42 1 41 10 1 6 19 405 
407 19 5 3 9 40 2 42 2 40 9 3 5 19 405 
404 0 0 18 6 4 8 0 0 40 1 42 1 40 0 0 8 4 6 18 0 0 402 
407 17 0 0 4 4 11 39 0 44 0 39 11 4 4 0 0 17 405 
407 0 0 16 3 6 0 0 9 126 9 0 0 6 3 16 0 0 405 
408 15 2 2 0 5 7 134 7 5 0 2 2 15 406 
404 1 2 14 0 4 1 4 8 132 8 4 1 4 0 14 2 1 402 
404 1 1 14 1 0 0 8 0 0 0 2 3 0 0 128 0 0 3 2 0 0 0 8 0 0 1 14 1 1 402 
407 2 0 9 0 15 0 1 4 132 4 1 0 15 0 9 0 2 405 
408 1 0 29 3 134 3 29 0 1 406 
410 1 0 1 1 25 2 132 2 25 1 1 0 1 408 
365 4 43 28 2 132 2 28 43 4 363 
363 10 32 0 4 31 0 132 0 31 4 0 32 10 361 
362 11 29 0 0 0 2 34 0 132 0 34 2 0 0 0 29 11 360 
362 12 0 0 24 5 1 204 1 5 24 0 0 12 360 
361 15 1 0 20 7 1 202 1 7 20 0 1 15 359 
361 15 0 0 21 222 21 0 0 15 359 
361 15 0 0 22 220 22 0 0 15 359 
361 17 2 1 18 218 18 1 2 17 359 
360 18 2 1 19 216 19 1 2 18 358 
360 17 0 0 0 1 7 1 8 0 0 0 1 210 1 0 0 0 8 1 7 1 0 0 0 17 358 
359 20 0 1 6 2 10 216 10 2 6 1 0 20 357 
361 22 4 4 9 0 0 212 0 0 9 4 4 22 359 
359 23 4 5 7 220 7 5 4 23 357 
362 20 4 5 0 0 5 220 5 0 0 5 4 20 360 
360 21 0 0 2 7 2 0 5 214 5 0 2 7 2 0 0 21 358 
363 19 1 0 2 4 1 2 3 0 0 214 0 0 3 2 1 4 2 0 1 19 361 
364 16 2 2 2 2 0 5 2 218 2 5 0 2 2 2 2 16 362 
361 0 0 0 0 16 2 0 0 10 1 1 0 218 0 1 1 10 0 0 2 16 0 0 0 0 359 
364 0 0 13 2 17 0 0 0 216 0 0 0 17 2 13 0 0 362 
366 13 0 21 0 216 0 21 0 13 364 
364 0 1 290 1 0 362 
362 1 0 294 0 1 360 
362 1 1 1 0 6 0 270 0 6 0 1 1 1 360 
366 1 1 0 0 1 0 274 0 1 0 0 1 1 364 
369 0 2 278 2 0 367 
372 280 370 
369 0 1 280 1 0 367 
366 0 1 1 0 280 0 1 1 0 364 
367 0 0 286 0 0 365 
362 4 1 286 1 4 360 
361 6 1 284 1 6 359 
361 302 359 
330 0 30 300 30 0 328 
326 4 1 0 27 300 27 0 1 4 324 
324 9 27 0 0 2 0 288 0 2 0 0 27 9 322 
324 10 3 0 22 0 2 290 2 0 22 0 3 10 322 
323 13 1 0 25 292 25 0 1 13 321 
322 14 5 1 19 0 0 290 0 0 19 1 5 14 320 
322 17 2 1 5 2 8 298 8 2 5 1 2 17 320 
322 16 11 3 8 296 8 3 11 16 320 
321 19 1 0 5 5 9 292 9 5 5 0 1 19 319 
321 20 0 1 4 6 7 294 7 6 4 1 0 20 319 
322 22 2 0 0 6 1 2 2 0 0 290 0 0 2 2 1 6 0 0 2 22 320 
322 21 3 7 1 3 0 0 1 292 1 0 0 3 1 7 3 21 320 
322 21 0 0 4 3 0 7 1 292 1 7 0 3 4 0 0 21 320 
321 23 1 1 3 12 0 290 0 12 3 1 1 23 319 
323 21 0 2 0 16 0 288 0 16 0 2 0 21 321 
325 18 1 332 1 18 323 
324 19 1 332 1 19 322 
323 1 0 17 0 334 0 17 0 1 321 
327 15 0 336 0 15 325 
324 0 0 1 1 364 1 1 0 0 322 
324 0 4 364 4 0 322 
329 366 327 
328 0 0 0 0 6 0 344 0 6 0 0 0 0 326 
326 1 1 7 0 346 0 7 1 1 324 
326 1 1 1 1 1 1 348 1 1 1 1 1 1 324 
336 352 334 
337 350 335 
334 1 0 350 0 1 332 
331 0 2 354 2 0 329 
332 0 2 352 2 0 330 
329 1 0 0 1 354 1 0 0 1 327 
328 5 0 354 0 5 326 
327 370 325 
327 370 325 
328 368 326 
330 364 328 
330 1 1 356 1 1 328 
333 358 331 
332 360 330 
331 362 329 
331 362 329 
301 0 1 0 28 356 28 0 1 0 299 
294 4 0 0 5 0 10 3 9 0 0 354 0 0 9 3 10 0 5 0 0 4 292 
293 11 0 0 2 1 6 3 1 0 6 0 0 354 0 0 6 0 1 3 6 1 2 0 0 11 291 
292 12 0 1 2 1 5 4 0 0 1 0 4 356 4 0 1 0 0 4 5 1 2 1 0 12 290 
291 15 2 0 7 5 1 2 0 0 2 354 2 0 0 2 1 5 7 0 2 15 289 
290 17 2 0 6 5 1 1 0 4 0 352 0 4 0 1 1 5 6 0 2 17 288 
290 19 0 2 3 6 0 372 0 6 3 2 0 19 288 
290 22 4 0 0 384 0 0 4 22 288 
290 21 1 0 5 382 5 0 1 21 288 
290 23 1 392 1 23 288 
290 23 2 0 0 386 0 0 2 23 288 
291 23 0 392 0 23 289 
291 22 0 394 0 22 289 
292 20 1 394 1 20 290 
293 438 291 
293 19 0 396 0 19 291 
294 436 292 
294 0 0 432 0 0 292 
298 428 296 
296 1 1 424 1 1 294 
295 0 3 0 0 7 0 402 0 7 0 0 3 0 293 
299 0 1 0 0 416 0 0 1 0 297 
299 4 0 1 1 406 1 1 0 4 297 
298 1 1 0 4 408 4 0 1 1 296 
298 0 7 0 0 406 0 0 7 0 296 
306 412 304 
307 0 0 406 0 0 305 
304 0 2 408 2 0 302 
305 0 1 408 1 0 303 
302 420 300 
301 422 299 
301 422 299 
301 422 299 
301 5 0 408 0 5 299 
305 0 0 410 0 0 303 
304 0 1 410 1 0 302 
306 0 1 406 1 0 304 
306 412 304 
306 412 304 
309 406 307 
309 406 307 
310 404 308 
295 2 11 404 11 2 293 
295 4 2 1 1 0 2 402 2 0 1 1 2 4 293 
295 4 1 3 0 0 0 2 0 398 0 2 0 0 0 3 1 4 293 
277 0 0 0 1 0 3 0 5 6 1 418 1 6 5 0 3 0 1 0 0 0 275 
276 1 1 0 0 0 2 2 4 6 0 420 0 6 4 2 2 0 0 0 1 1 274 
271 9 1 0 9 436 9 0 1 9 269 
269 14 2 0 4 0 0 434 0 0 4 0 2 14 267 
268 17 1 2 5 0 0 426 0 0 5 2 1 17 266 
268 22 4 432 4 22 266 
268 21 0 0 1 436 1 0 0 21 266 
267 22 2 438 2 22 265 
268 23 2 434 2 23 266 
268 23 0 438 0 23 266 
268 23 0 438 0 23 266 
267 490 265 
267 490 265 
267 490 265 
270 484 268 
269 0 0 482 0 0 267 
270 484 268 
272 480 270 
274 0 0 12 0 444 0 12 0 0 272 
272 0 3 1 0 464 0 1 3 0 270 
277 0 0 6 0 0 0 446 0 0 0 6 0 0 275 
275 0 5 1 0 1 1 446 1 1 0 1 5 0 273 
278 0 2 3 2 446 2 3 2 0 276 
278 1 1 1 3 448 3 1 1 1 276 
278 1 6 450 6 1 276 
288 448 286 
285 0 2 446 2 0 283 
286 0 1 446 1 0 284 
286 452 284 
283 458 281 
283 458 281 
283 458 281 
283 5 0 444 0 5 281 
283 5 0 444 0 5 281 
291 442 289 
290 444 288 
289 446 287 
289 1 0 440 0 1 287 
293 438 291 
292 440 290 
296 432 294 
297 430 295 
280 0 6 448 6 0 278 
279 4 3 1 0 442 0 1 3 4 277 
279 6 1 448 1 6 277 
279 6 0 450 0 6 277 
279 6 0 450 0 6 277 
272 0 6 464 6 0 270 
268 0 2 1 6 462 6 1 2 0 266 
267 0 3 1 5 0 0 0 0 456 0 0 0 0 5 1 3 0 265 
263 0 0 0 2 0 1 0 1 0 6 458 6 0 1 0 1 0 2 0 0 0 261 
260 0 0 1 0 0 0 0 0 2 1 1 3 0 0 460 0 0 3 1 1 2 0 0 0 0 0 1 0 0 258 
258 12 0 0 0 2 2 464 2 2 0 0 0 12 256 
257 18 0 0 1 464 1 0 0 18 255 
256 22 0 464 0 22 254 
254 0 0 22 0 464 0 22 0 0 252 
255 23 0 464 0 23 253 
255 23 0 464 0 23 253 
255 23 0 464 0 23 253 
254 24 0 464 0 24 252 
255 514 253 
255 514 253 
255 514 253 
255 514 253 
257 20 0 466 0 20 255 
256 0 0 19 0 466 0 19 0 0 254 
257 0 0 0 0 502 0 0 0 0 255 
258 0 2 5 0 6 1 468 1 6 0 5 2 0 256 
260 0 1 0 1 0 1 4 0 0 1 468 1 0 0 4 1 0 1 0 1 0 258 
266 0 2 5 2 466 2 5 2 0 264 
264 1 2 4 2 470 2 4 2 1 262 
272 0 3 470 3 0 270 
268 1 9 464 9 1 266 
268 0 5 0 2 466 2 0 5 0 266 
276 472 274 
275 474 273 
275 474 273 
274 476 272 
274 6 0 460 0 6 272 
274 6 0 460 0 6 272 
275 2 0 0 2 458 2 0 0 2 273 
279 0 1 460 1 0 277 
282 460 280 
282 0 1 454 1 0 280 
285 0 0 450 0 0 283 
289 446 287 
289 446 287 
285 0 0 450 0 0 283 
281 2 0 454 0 2 279 
281 462 279 
274 2 3 462 3 2 272 
273 6 1 460 1 6 271 
273 7 0 460 0 7 271 
273 6 0 462 0 6 271 
274 476 272 
275 474 273 
274 476 272 
267 1 9 466 9 1 265 
267 2 5 0 0 468 0 0 5 2 265 
263 0 5 1 3 472 3 1 5 0 261 
264 0 3 2 3 472 3 2 3 0 262 
261 0 0 2 0 1 0 1 2 474 2 1 0 1 0 2 0 0 259 
255 0 0 0 0 14 1 472 1 14 0 0 0 0 253 
254 0 0 17 2 470 2 17 0 0 252 
254 20 0 472 0 20 252 
253 22 0 470 0 22 251 
253 22 0 470 0 22 251 
253 22 0 470 0 22 251 
252 520 250 
252 520 250 
252 520 250 
252 520 250 
252 520 250 
253 22 0 470 0 22 251 
252 23 0 470 0 23 250 
254 20 1 470 1 20 252 
256 18 1 470 1 18 254 
257 9 0 3 0 0 1 472 1 0 0 3 0 9 255 
256 0 0 0 1 1 0 2 1 3 0 0 1 470 1 0 0 3 1 2 0 1 1 0 0 0 254 
259 0 1 0 1 0 2 3 3 0 0 466 0 0 3 3 2 0 1 0 1 0 257 
261 0 14 0 0 466 0 0 14 0 259 
264 0 2 1 6 0 1 464 1 0 6 1 2 0 262 
268 1 7 468 7 1 266 
276 472 274 
276 472 274 
275 6 0 458 0 6 273 
275 6 0 458 0 6 273 
275 5 2 456 2 5 273 
276 1 5 456 5 1 274 
283 2 0 450 0 2 281 
287 450 285 
292 440 290 
289 0 0 442 0 0 287 
287 450 285 
284 2 0 448 0 2 282 
284 456 282 
285 454 283 
280 0 3 454 3 0 278 
278 5 0 454 0 5 276 
277 6 0 454 0 6 275 
277 470 275 
278 468 276 
278 468 276 
278 0 0 2 0 456 0 2 0 0 276 
279 1 1 458 1 1 277 
283 458 281 
272 1 7 460 7 1 270 
272 2 0 0 3 462 3 0 0 2 270 
273 4 3 460 3 4 271 
268 0 5 2 2 462 2 2 5 0 266 
270 0 3 4 1 460 1 4 3 0 268 
266 1 1 1 0 8 0 458 0 8 0 1 1 1 264 
265 0 0 14 0 458 0 14 0 0 263 
263 0 0 16 0 458 0 16 0 0 261 
262 0 0 496 0 0 260 
261 0 0 498 0 0 259 
260 504 258 
260 504 258 
260 504 258 
260 23 0 454 0 23 258 
259 24 0 454 0 24 257 
259 24 0 454 0 24 257 
260 22 2 452 2 22 258 
260 23 0 0 0 450 0 0 0 23 258 
261 20 0 0 1 452 1 0 0 20 259 
261 19 1 0 1 452 1 0 1 19 259 
262 13 2 2 3 1 0 446 0 1 3 2 2 13 260 
264 11 2 3 5 446 5 3 2 11 262 
263 0 1 1 0 0 0 0 1 1 1 0 7 450 7 0 1 1 1 0 0 0 0 1 1 0 261 
269 0 0 0 4 2 6 3 0 440 0 3 6 2 4 0 0 0 267 
271 0 1 0 2 2 4 452 4 2 2 0 1 0 269 
278 1 5 6 0 436 0 6 5 1 276 
286 5 3 432 3 5 284 
285 5 2 436 2 5 283 
286 4 0 0 0 2 0 428 0 2 0 0 0 4 284 
287 0 6 1 0 0 3 418 3 0 0 1 6 0 285 
302 420 300 
299 0 0 422 0 0 297 
300 424 298 
297 1 0 424 0 1 295 
296 2 0 424 0 2 294 
297 430 295 
294 0 2 428 2 0 292 
296 0 0 428 0 0 294 
291 5 0 428 0 5 289 
291 442 289 
290 444 288 
291 442 289 
292 4 0 428 0 4 290 
292 0 0 436 0 0 290 
297 430 295 
293 0 1 0 0 428 0 0 1 0 291 
296 432 294 
287 1 6 432 6 1 285 
287 1 1 0 3 432 3 0 1 1 285 
289 3 3 430 3 3 287 
290 3 0 0 1 428 1 0 0 3 288 
284 0 2 8 1 426 1 8 2 0 282 
286 0 1 8 0 426 0 8 1 0 284 
283 0 0 13 0 424 0 13 0 0 281 
283 458 281 
281 0 0 458 0 0 279 
281 462 279 
278 0 0 20 0 420 0 20 0 0 276 
279 466 277 
279 466 277 
278 23 1 416 1 23 276 
278 22 1 418 1 22 276 
277 24 2 414 2 24 275 
277 22 3 416 3 22 275 
278 21 3 1 0 410 0 1 3 21 276 
278 23 6 406 6 23 276 
278 18 0 2 3 0 0 410 0 0 3 2 0 18 276 
279 15 3 0 3 0 0 412 0 0 3 0 3 15 277 
279 13 0 0 2 1 5 5 0 0 0 394 0 0 0 5 5 1 2 0 0 13 277 
280 11 1 0 2 0 6 5 1 396 1 5 6 0 2 0 1 11 278 
283 3 2 0 5 1 5 5 2 2 0 0 3 378 3 0 0 2 2 5 5 1 5 0 2 3 281 
285 1 0 0 16 4 3 0 4 382 4 0 3 4 16 0 0 1 283 
306 3 9 384 9 3 304 
320 384 318 
319 0 0 382 0 0 317 
317 390 315 
318 388 316 
320 384 318 
316 1 1 384 1 1 314 
319 386 317 
315 394 313 
313 398 311 
313 398 311 
313 398 311 
314 396 312 
317 2 0 382 0 2 315 
318 0 1 382 1 0 316 
316 0 2 384 2 0 314 
319 386 317 
322 380 320 
311 0 0 0 0 0 4 382 4 0 0 0 0 0 309 
311 1 1 1 1 0 2 378 2 0 1 1 1 1 309 
311 1 1 1 0 1 0 0 0 378 0 0 0 1 0 1 1 1 309 
313 9 0 376 0 9 311 
314 9 0 374 0 9 312 
308 0 0 1 1 396 1 1 0 0 306 
311 402 309 
308 1 0 402 0 1 306 
308 18 0 368 0 18 306 
309 18 0 366 0 18 307 
307 20 1 364 1 20 305 
306 21 1 364 1 21 304 
304 23 1 364 1 23 302 
305 21 0 0 1 362 1 0 0 21 303 
305 21 8 352 8 21 303 
305 23 4 15 0 322 0 15 4 23 303 
305 23 3 6 1 1 0 1 0 0 0 324 0 0 0 1 0 1 1 6 3 23 303 
305 16 0 1 0 2 4 4 2 2 0 0 1 326 1 0 0 2 2 4 4 2 0 1 0 16 303 
304 19 1 0 5 5 0 0 1 1 4 324 4 1 1 0 0 5 5 0 1 19 302 
304 17 2 1 6 6 6 328 6 6 6 1 2 17 302 
306 13 1 0 2 1 5 4 10 324 10 4 5 1 2 0 1 13 304 
306 12 6 1 5 2 9 1 0 324 0 1 9 2 5 1 6 12 304 
308 9 0 0 1 0 22 332 22 0 1 0 0 9 306 
309 6 0 0 0 0 27 0 0 324 0 0 27 0 0 0 0 6 307 
317 0 28 0 0 326 0 0 28 0 315 
349 326 347 
345 0 0 1 0 324 0 1 0 0 343 
345 334 343 
344 336 342 
343 338 341 
343 338 341 
344 336 342 
349 0 1 320 1 0 347 
348 0 1 322 1 0 346 
351 322 349 
351 0 0 318 0 0 349 
353 318 351 
347 4 3 312 3 4 345 
343 1 1 2 0 322 0 2 1 1 341 
343 1 0 332 0 1 341 
345 0 1 328 1 0 343 
347 330 345 
342 0 3 330 3 0 340 
341 0 0 17 1 298 1 17 0 0 339 
344 17 0 0 0 294 0 0 0 17 342 
344 17 2 18 0 254 0 18 2 17 342 
342 19 2 16 2 254 2 16 2 19 340 
342 20 1 0 2 6 0 1 1 0 1 256 1 0 1 1 0 6 2 0 1 20 340 
342 19 0 0 3 5 2 1 3 258 3 1 2 5 3 0 0 19 340 
340 20 0 1 4 5 1 2 2 258 2 2 1 5 4 1 0 20 338 
340 23 4 6 8 254 8 6 4 23 338 
340 19 0 2 4 4 8 258 8 4 4 2 0 19 338 
339 20 8 4 7 260 7 4 8 20 337 
340 19 1 0 6 3 8 258 8 3 6 0 1 19 338 
340 17 2 1 7 0 11 256 11 0 7 1 2 17 338 
340 18 1 1 18 0 2 252 2 0 18 1 1 18 338 
341 14 26 2 0 250 0 2 26 14 339 
341 14 0 1 21 262 21 1 0 14 339 
341 13 25 262 25 13 339 
341 11 2 0 23 262 23 0 2 11 339 
343 6 1 0 0 0 25 6 0 246 0 6 25 0 0 0 1 6 341 
381 4 3 244 3 4 379 
385 0 1 248 1 0 383 
386 0 1 1 0 240 0 1 1 0 384 
392 240 390 
393 238 391 
390 0 0 1 0 28 0 174 0 28 0 1 0 0 388 
386 1 1 32 0 176 0 32 1 1 384 
382 1 1 36 1 174 1 36 1 1 380 
382 1 1 13 0 20 1 176 1 20 0 13 1 1 380 
386 14 0 14 0 1 3 176 3 1 0 14 0 14 384 
386 15 2 1 0 1 0 2 1 3 3 176 3 3 1 2 0 1 0 1 2 15 384 
387 14 1 2 1 5 0 0 0 1 3 176 3 1 0 0 0 5 1 2 1 14 385 
381 1 0 19 3 8 5 178 5 8 3 19 0 1 379 
385 16 0 0 5 4 0 0 5 2 0 170 0 2 5 0 0 4 5 0 0 16 383 
384 17 0 0 5 4 8 1 0 170 0 1 8 4 5 0 0 17 382 
381 23 4 4 12 168 12 4 4 23 379 
383 21 5 3 8 0 1 170 1 0 8 3 5 21 381 
382 20 8 1 9 176 9 1 8 20 380 
382 17 24 174 24 17 380 
382 17 3 0 17 6 0 35 0 88 0 35 0 6 17 0 3 17 380 
382 17 2 2 16 43 0 88 0 43 16 2 2 17 380 
382 18 21 6 1 32 2 88 2 32 1 6 21 18 380 
382 15 2 0 20 4 3 1 0 30 2 42 0 42 2 30 0 1 3 4 20 0 2 15 380 
381 16 1 1 26 1 0 1 0 27 0 0 2 43 0 43 2 0 0 27 0 1 0 1 26 1 1 16 379 
382 16 38 26 3 42 0 42 3 26 38 16 380 
383 13 1 0 33 0 0 0 0 20 1 2 4 42 0 42 4 2 1 20 0 0 0 0 33 0 1 13 381 
382 13 37 20 0 2 1 0 0 0 3 42 2 42 3 0 0 0 1 2 0 20 37 13 380 
385 9 34 14 2 0 0 2 0 5 7 2 0 38 2 38 0 2 7 5 0 2 0 0 2 14 34 9 383 
386 7 33 0 0 16 1 2 1 5 0 0 10 36 4 36 10 0 0 5 1 2 1 16 0 0 33 7 384 
389 2 0 0 32 1 1 16 4 7 9 39 2 39 9 7 4 16 1 1 32 0 0 2 387 
427 1 2 15 3 0 1 5 7 0 0 35 0 1 4 1 0 35 0 0 7 5 1 0 3 15 2 1 425 
431 17 5 4 9 5 0 30 0 0 4 0 0 30 0 5 9 4 5 17 429 
431 17 5 4 9 34 0 0 10 0 0 34 9 4 5 17 429 
429 0 0 19 17 6 1 28 10 28 1 6 17 19 0 0 427 
427 0 0 20 18 5 0 0 0 2 0 17 0 5 10 5 0 17 0 2 0 0 0 5 18 20 0 0 425 
430 16 1 0 19 2 10 0 0 3 0 2 0 0 0 1 1 5 10 5 1 1 0 0 0 2 0 3 0 0 10 2 19 0 1 16 428 
430 16 1 2 30 9 3 1 1 6 8 6 1 1 3 9 30 2 1 16 428 
427 18 3 1 27 14 7 4 8 4 7 14 27 1 3 18 425 
430 17 30 0 0 12 0 0 3 0 1 4 8 4 1 0 3 0 0 12 0 0 30 17 428 
428 19 28 17 0 0 7 1 10 1 7 0 0 17 28 19 426 
430 15 31 17 32 17 31 15 428 
428 17 1 0 25 0 1 0 0 18 26 18 0 0 1 0 25 0 1 17 426 
429 16 27 2 1 18 28 18 1 2 27 16 427 
429 15 29 0 3 16 30 16 3 0 29 15 427 
428 0 0 14 33 16 0 3 22 3 0 16 33 14 0 0 426 
430 13 0 0 31 18 1 1 22 1 1 18 31 0 0 13 428 
429 0 0 11 33 18 32 18 33 11 0 0 427 
431 10 33 0 1 17 30 17 1 0 33 10 429 
433 7 37 16 32 16 37 7 431 
433 0 1 1 39 16 2 0 26 0 2 16 39 1 1 0 431 
436 1 38 0 0 15 34 15 0 0 38 1 434 
478 16 34 16 476 
479 15 34 15 477 
479 16 32 16 477 
479 15 34 15 477 
480 13 36 13 478 
479 13 38 13 477 
481 10 40 10 479 
482 9 40 9 480 
484 4 46 4 482 
484 0 54 0 482 
1024 
1024 
1024 
1024 
1024 
1024 
1024 
1024 
1024 
1024 
1024 
1024 
1024 
1024 
1024 
1024 
1024 
1024 
1024 
1024 
1024 
1024 
1024 
1024 
1024 
1024 
1024 
1024 
1024 
1024 
1024 
1024 
1024 
1024 
1024 
1024 
1024 
1024 
1024 
1024 
1024 
1024 
1024 
1024 
1024 
1024 
1024 
1024 
1024 
1024 
1024 
1024 
1024 
1024 
1024 
1024 
1024 
1024 
1024 
1024 
1024 
1024 
1024 
1024 
1024 
1024 
1024 
1024 
1024 
1024 
1024 
1024 
1024 
1024 
1024 
1024 
1024 
1024 
1024 
1024 
1024 
1024 
1024 
1024 
1024 
1024 
1024 
1024 
1024 
1024 
1024 
1024 
1024 
1024 
1024 
1024 
1024 
1024 
1024 
1024 
1024 
1024 
1024 
1024 
1024 
1024 
1024 
1024 
1024 
1024 
1024 
1024 
1024 
1024 
1024 
1024 
1024 
1024 
1024 
1024 
1024 
1024 
1024 
1024 
1024 
1024 
1024 
1024 
1024 
1024 
1024 
1024 
1024 
1024 
1024 
1024 
1024 
1024 
1024 
1024 
1024 
1024 
1024 
1024 
1024 
1024 
1024 
1024 
1024 
1024 
1024 
1024 
1024 
1024 
1024 
1024 
1024 
1024 
1024 
1024 
1024 
1024 
1024 
1024 
1024 
1024 
1024 
1024 
1024 
1024 
1024 
1024 
1024 
1024 
1024 
1024 
1024 
1024 
1024 
1024 
1024 
1024 
1024 
1024 
1024 
1024 
1024 
1024 
1024 
1024 
1024 
1024 
1024 
1024 
1024 
1024 
1024 
1024 
1024 
1024 
1024 
1024 
1024 
1024 
1024 
1024 
1024 
1024 
1024 
1024 
1024 
1024 
1024 
1024 
1024 
1024 
1024 
1024 
1024 
1024 
1024 
1024 
1024 
1024 
1024 
1024 
1024 
1024 
1024 
1024 
1024 
1024 
1024 
1024 
1024 
1024 
1024 
1024 
1024 
1024 
1024 
1024 
1024 
1024 
1024 
1024 
1024 
1024 
1024 
1024 
1024 
