2 154 512 156 513
2 156 514 158 515
2 158 509 161 510
2 160 514 161 516
1 161 514
2 162 509 164 510
2 163 506 164 509
2 163 516 164 519
2 164 503 166 504
2 166 522 168 523
2 167 496 168 500
1 167 501
1 167 523
2 167 525 168 529
2 168 497 170 498
2 170 499 172 500
2 172 526 174 527
2 174 497 176 498
1 175 496
2 175 528 178 529
1 176 495
1 176 529
2 178 497 180 498
2 180 526 185 527
1 181 497
1 181 527
2 184 498 185 500
1 185 499
2 186 500 187 502
1 186 524
1 187 501
2 188 502 189 504
1 188 522
1 189 503
2 190 505 191 508
2 190 518 191 520
1 191 507
2 192 504 194 505
2 192 509 194 510
2 192 520 194 521
2 193 500 194 504
2 193 505 194 509
2 193 516 194 520
2 193 521 194 525
2 194 494 196 495
2 194 528 196 529
2 194 530 196 531
2 195 489 196 491
2 195 492 196 494
1 195 495
1 195 529
2 195 531 196 533
2 195 534 198 535
1 195 535
2 196 483 200 484
2 196 484 198 485
1 197 482
1 197 485
2 197 487 198 490
2 197 535 198 538
1 197 539
1 197 542
2 199 471 204 472
1 199 553
2 200 474 202 475
2 200 544 202 545
1 201 475
1 201 479
1 201 545
2 201 549 204 550
2 202 546 204 547
2 203 476 204 478
2 203 547 204 549
2 204 472 205 474
2 204 550 205 553
1 205 550
2 206 473 208 474
2 207 471 208 473
2 207 552 208 554
2 208 469 210 470
2 209 465 210 467
2 209 558 214 559
2 209 559 211 560
1 210 465
1 213 450
1 213 465
1 213 559
2 213 574 216 575
2 214 452 216 453
2 214 454 216 455
2 214 463 216 464
2 214 570 216 571
2 215 447 216 450
1 215 453
1 215 571
2 215 575 216 578
2 216 443 219 444
2 216 444 218 445
2 216 562 218 563
2 216 569 218 570
2 216 578 218 579
2 217 442 219 443
1 217 445
1 217 456
2 217 461 220 462
1 217 563
1 217 568
1 217 579
2 217 582 219 583
2 218 567 222 568
2 218 580 222 581
1 218 581
1 219 460
1 219 564
2 220 459 222 460
2 222 445 225 446
2 224 444 226 445
2 224 456 225 458
2 224 568 225 570
2 224 578 225 581
1 225 457
1 225 569
1 225 578
1 225 580
2 226 447 227 450
1 226 454
2 226 568 228 569
2 226 570 227 572
2 226 576 227 578
1 227 447
1 227 449
2 227 455 230 456
1 227 569
1 227 571
1 227 577
1 229 454
2 229 570 232 571
2 231 453 234 454
1 231 571
1 233 452
2 233 572 236 573
2 236 450 237 452
1 236 574
2 237 451 240 452
1 238 450
1 238 574
2 240 574 244 575
2 241 447 242 450
2 241 575 242 578
2 242 447 243 450
2 242 575 243 578
1 243 447
1 243 577
2 244 449 256 450
1 247 448
1 247 576
2 249 448 251 449
2 249 576 251 577
2 252 445 254 446
2 252 579 254 580
2 253 442 254 445
1 253 446
2 253 448 255 449
2 253 576 255 577
1 253 578
2 253 580 254 583
2 254 441 256 442
2 254 577 256 578
2 256 439 258 440
1 258 441
2 258 446 259 448
2 258 576 263 577
1 258 577
2 258 582 261 583
1 258 583
1 259 446
1 260 442
2 262 448 263 450
2 263 449 269 450
1 264 448
1 264 576
2 267 448 269 449
2 267 576 269 577
2 268 574 272 575
1 268 575
1 270 449
1 270 575
2 272 451 276 452
2 275 447 276 451
2 275 574 276 578
2 276 447 279 448
1 278 446
2 278 448 279 451
2 278 452 279 454
1 278 572
2 278 574 279 579
1 279 449
2 279 453 284 454
1 279 575
2 284 455 286 456
2 286 568 288 569
2 288 456 291 457
1 288 457
2 288 566 291 567
1 288 567
2 288 570 291 571
2 290 454 291 456
2 290 458 291 460
2 290 568 291 570
2 291 459 294 460
2 294 461 296 462
2 296 564 299 565
2 298 460 299 462
2 298 560 300 561
1 298 563
2 300 558 303 559
2 302 466 303 470
2 302 556 303 558
1 303 469
2 304 554 307 555
2 306 470 307 472
1 306 473
2 306 550 309 551
1 306 551
1 306 553
2 308 474 309 476
2 308 548 309 550
1 309 548
2 310 477 311 480
2 310 544 311 548
1 311 477
2 311 544 313 545
1 311 547
2 312 480 313 482
2 312 542 313 544
1 313 542
2 314 484 315 488
2 314 538 315 541
1 315 487
2 316 490 317 492
2 316 532 317 535
1 317 532
2 318 496 319 502
2 318 524 319 529
1 319 501
2 320 512 322 513
2 321 494 322 512
2 321 513 322 531
2 322 480 324 481
2 322 485 324 486
2 322 544 324 545
1 323 474
1 323 477
2 323 481 324 485
2 323 540 324 544
1 323 547
2 323 550 326 551
2 324 465 328 466
2 324 470 326 471
2 324 554 326 555
2 324 559 326 560
1 325 466
2 325 471 326 474
2 325 551 326 554
1 325 558
2 326 459 330 460
2 326 565 330 566
1 327 458
1 327 460
2 327 463 328 465
2 327 560 328 562
1 327 564
1 327 566
2 328 451 332 452
2 328 461 330 462
2 328 573 330 574
2 329 450 331 451
2 329 452 332 453
2 329 455 330 459
1 329 460
1 329 564
2 329 566 330 570
1 329 572
2 329 574 331 575
2 330 570 332 571
2 331 439 336 440
1 331 440
1 331 453
1 331 571
2 331 584 332 586
2 332 442 336 443
2 332 448 334 449
2 332 574 334 575
2 332 576 334 577
1 333 438
1 333 447
1 333 449
1 333 575
1 333 577
1 333 586
2 334 445 336 446
2 335 443 336 445
2 335 580 336 582
2 336 423 337 425
2 336 584 338 585
2 336 600 337 602
2 337 424 338 429
1 337 434
2 337 437 338 440
2 337 585 338 588
2 337 590 340 591
2 337 596 338 601
2 338 423 343 424
2 338 428 342 429
1 339 432
2 339 592 342 593
1 340 422
1 340 602
1 341 431
1 341 593
2 342 424 343 426
2 342 429 344 430
2 342 597 344 598
2 342 600 343 602
2 343 425 346 426
1 343 428
1 343 596
1 345 424
1 345 600
2 346 399 349 400
2 346 400 348 401
2 346 421 348 422
2 347 398 349 399
2 347 406 350 407
2 347 417 350 418
1 347 418
2 347 606 348 608
1 347 618
2 347 626 349 627
2 348 624 349 626
1 349 407
2 349 617 352 618
1 349 624
2 350 399 352 400
2 350 414 352 415
2 350 608 352 609
2 350 610 352 611
1 351 398
2 351 408 355 409
1 351 415
1 351 609
1 351 616
2 351 626 355 627
2 352 612 354 613
2 353 397 355 398
1 353 411
1 353 613
2 353 627 355 628
2 354 398 355 400
2 354 614 356 615
2 354 616 355 618
2 355 399 357 400
1 355 409
1 355 615
1 355 617
2 356 400 357 402
2 356 624 357 626
1 357 401
2 358 402 359 404
2 358 405 360 406
2 358 621 359 623
1 359 404
1 359 620
2 360 622 362 623
2 361 401 364 402
1 361 623
2 363 399 364 401
2 363 624 364 626
2 364 397 366 398
1 366 389
2 366 392 368 393
2 366 395 368 396
2 366 634 370 635
1 366 635
2 370 632 372 633
1 371 369
1 371 391
1 371 633
2 371 655 374 656
1 372 370
2 372 389 374 390
1 372 654
2 372 656 374 657
2 373 357 374 359
2 373 365 374 368
2 373 387 376 388
1 373 637
2 373 657 374 660
2 373 666 374 668
1 374 355
2 374 360 376 361
2 374 363 376 364
2 374 372 376 373
1 374 386
1 374 638
2 374 668 378 669
1 374 669
1 375 362
1 375 373
1 375 651
1 375 662
2 376 638 378 639
2 376 649 378 650
2 377 376 380 377
1 377 648
2 378 357 379 359
2 378 385 380 386
2 378 664 380 665
2 378 666 379 668
2 379 359 382 360
1 379 377
1 379 384
1 379 640
2 379 647 387 648
1 379 665
2 380 383 382 384
1 381 358
1 381 382
1 381 642
2 381 666 385 667
2 382 381 384 382
1 383 357
1 383 667
2 384 358 385 360
2 384 644 386 645
2 385 359 388 360
1 385 379
1 385 645
2 386 376 387 378
2 386 646 388 647
2 387 357 388 359
1 387 376
2 387 666 388 668
2 388 357 389 359
2 388 664 390 665
2 388 666 389 668
1 390 361
2 390 374 391 376
2 390 650 391 652
2 390 662 393 663
1 390 663
1 391 375
1 391 651
1 392 362
2 392 364 393 373
2 392 650 394 651
2 392 652 393 661
1 393 365
1 393 367
1 393 373
1 393 651
1 393 657
1 393 659
2 394 652 396 653
2 395 371 398 372
1 395 653
1 396 370
1 396 654
2 398 654 400 655
2 399 368 400 370
2 399 655 400 657
2 400 369 402 370
1 401 368
1 401 656
1 402 365
2 402 658 406 659
1 402 659
2 405 365 408 366
1 405 659
2 407 360 408 364
2 407 661 408 665
1 408 361
2 408 662 409 664
1 409 662
2 410 363 412 364
2 412 662 414 663
2 413 360 414 362
2 413 663 414 665
2 414 361 416 362
1 415 360
2 415 664 418 665
2 417 349 420 350
2 417 352 418 357
2 417 668 418 673
2 417 675 420 676
1 418 348
2 418 350 419 352
2 418 359 420 360
2 418 667 420 668
1 418 674
1 418 676
2 419 351 424 352
1 420 350
1 420 674
1 424 354
2 424 357 426 358
1 424 670
1 425 356
2 425 668 428 669
1 426 355
1 426 669
2 428 355 432 356
2 430 353 432 354
2 430 671 432 672
1 431 354
2 431 670 434 671
2 433 353 436 354
1 433 671
1 434 352
1 434 672
2 435 349 436 352
2 435 673 436 676
1 436 347
2 436 676 437 678
1 437 676
2 438 349 439 352
2 438 672 439 676
1 439 672
2 440 351 446 352
1 442 350
1 442 674
2 445 348 446 351
2 445 674 446 677
1 446 347
2 446 676 447 678
1 447 676
2 448 349 454 350
2 452 347 453 349
2 452 676 453 678
2 453 319 456 320
1 453 320
1 453 347
1 453 677
2 453 704 454 706
2 454 676 456 677
2 454 703 456 704
1 455 328
1 455 696
2 456 305 458 306
2 456 314 458 315
2 456 316 458 317
2 456 327 458 328
2 456 347 458 348
2 456 695 458 696
2 456 699 458 700
2 456 706 458 707
2 456 708 458 709
2 456 710 458 711
2 456 717 458 718
1 457 304
2 457 308 460 309
1 457 315
1 457 317
1 457 326
1 457 698
1 457 707
1 457 709
1 457 716
2 457 720 461 721
1 458 303
2 458 311 460 312
2 458 333 460 334
2 458 676 460 677
2 458 691 460 692
2 458 693 460 694
1 458 721
1 459 310
1 459 332
2 459 347 470 348
1 459 677
1 459 692
1 459 714
2 460 304 461 308
2 460 336 462 337
2 460 718 461 720
1 461 307
1 462 346
1 462 678
2 462 687 464 688
2 462 718 464 719
1 463 305
1 463 338
1 463 686
1 463 719
2 464 340 466 341
2 464 720 466 721
1 465 303
1 465 341
2 465 683 468 684
1 465 721
2 466 722 468 723
2 467 299 468 301
2 467 342 470 343
1 467 682
2 467 724 468 726
2 468 299 469 302
2 468 724 469 726
1 469 301
1 469 343
1 469 346
2 469 678 476 679
2 469 681 472 682
2 470 724 472 725
2 471 344 476 345
1 471 680
2 472 726 482 727
1 475 345
1 475 679
2 477 291 478 294
2 477 731 478 734
2 478 294 480 295
2 478 736 480 737
2 479 295 480 297
2 479 728 480 730
2 480 287 487 288
2 480 296 482 297
1 481 297
1 481 727
2 483 284 484 286
2 483 739 486 740
2 483 740 485 741
2 484 283 485 287
1 484 738
1 484 741
1 485 285
1 486 296
2 486 299 490 300
2 486 344 490 345
2 486 678 491 679
2 486 728 487 730
2 486 736 487 738
1 487 729
1 487 736
2 488 290 489 295
2 488 730 489 735
1 489 292
1 489 732
2 490 346 491 348
2 490 681 492 682
2 490 724 492 725
2 491 347 500 348
2 492 301 494 302
1 492 342
2 492 682 493 684
2 493 683 495 684
2 494 302 495 304
2 494 340 495 342
1 494 722
1 495 303
1 495 340
2 496 685 498 686
2 496 722 498 723
2 498 306 499 308
2 498 687 500 688
1 498 718
1 499 307
2 500 308 501 310
2 500 334 503 335
1 500 335
2 500 676 508 677
1 500 689
2 500 714 501 717
1 501 347
1 501 677
1 501 714
2 502 312 503 314
2 502 330 503 333
1 502 690
2 502 692 503 694
2 502 710 503 714
2 502 716 506 717
1 503 307
2 503 330 505 331
1 503 710
2 503 713 507 714
1 503 717
2 504 317 505 322
2 504 324 505 326
1 504 329
2 504 346 505 348
2 504 677 505 679
2 504 694 505 696
2 504 699 505 708
1 505 312
1 505 317
2 505 701 506 703
1 505 707
1 505 712
2 506 309 507 312
2 506 321 507 324
2 506 701 507 704
2 506 714 507 716
1 507 322
1 507 702
2 508 347 510 348
2 510 349 513 350
1 511 348
1 511 676
2 512 674 513 676
1 513 674
2 514 676 517 677
1 515 347
1 515 677
2 516 348 517 350
2 516 351 521 352
1 516 675
1 519 350
1 519 674
2 520 672 523 673
1 520 673
2 522 352 523 354
2 523 349 527 350
2 523 350 524 352
1 523 353
2 523 673 524 676
2 526 347 527 349
2 526 352 527 354
2 526 670 527 678
2 527 670 533 671
2 527 673 528 675
2 530 354 533 355
1 530 355
2 530 668 535 669
1 530 669
1 532 355
1 532 669
2 534 356 535 358
2 535 357 537 358
2 536 666 539 667
1 536 667
2 538 358 539 360
2 539 355 540 358
1 539 359
2 539 667 540 670
2 540 672 546 673
2 542 360 543 362
2 542 664 543 666
2 543 361 545 362
2 543 665 547 666
2 544 662 547 663
1 544 663
2 545 350 546 352
2 545 673 546 675
2 546 350 547 352
1 546 353
2 546 358 547 360
2 546 362 547 364
2 546 670 547 672
2 546 673 547 675
1 547 358
2 547 363 549 364
1 547 670
1 548 356
2 548 660 551 661
1 548 661
1 548 668
2 550 363 551 366
1 550 661
2 551 365 553 366
2 552 658 553 660
1 553 658
2 554 367 556 368
2 555 365 556 367
2 555 658 556 660
2 556 368 557 370
2 556 656 557 658
2 556 660 558 661
2 557 369 559 370
1 557 657
1 558 366
2 558 654 559 656
1 558 658
1 559 654
2 560 371 563 372
1 562 370
2 562 372 563 374
2 562 652 563 655
1 563 373
2 564 650 566 651
1 565 373
1 565 651
2 566 375 568 376
1 568 377
2 568 646 569 648
1 569 646
1 570 379
2 570 644 573 645
1 570 645
2 572 380 573 382
2 573 374 574 379
1 573 381
2 573 646 574 651
2 574 383 576 384
2 574 643 576 644
2 574 654 576 655
1 575 369
1 575 382
1 575 642
1 575 655
1 576 367
2 576 512 577 514
2 576 656 577 658
2 577 513 580 514
1 577 656
2 578 367 580 368
1 578 387
2 578 636 579 638
2 578 639 580 640
1 579 366
2 579 386 582 387
1 579 636
1 579 638
2 579 658 582 659
1 580 389
2 580 510 583 511
2 580 634 583 635
1 580 635
2 581 363 582 366
1 581 387
2 581 637 587 638
2 581 659 582 662
2 582 362 583 364
2 582 390 583 392
2 582 514 583 516
2 582 632 585 633
1 582 633
1 582 662
1 583 363
2 583 515 585 516
2 584 365 588 366
2 584 392 585 394
2 584 508 585 510
1 585 393
1 585 508
2 586 386 590 387
1 586 387
2 586 506 589 507
1 586 507
1 586 517
2 586 628 588 629
1 587 395
1 587 629
2 588 398 589 400
2 588 518 589 520
2 588 624 589 627
2 588 658 590 659
1 589 387
1 589 519
1 589 624
1 589 637
1 590 367
2 590 384 593 385
1 590 385
2 590 399 591 402
2 590 504 592 505
2 590 622 591 624
1 590 639
2 590 656 591 658
2 591 399 592 401
1 591 622
1 591 656
2 592 369 594 370
1 592 385
2 592 403 593 406
1 592 502
2 592 522 593 524
2 592 618 593 622
2 592 639 593 642
2 593 366 594 369
2 593 523 595 524
1 593 618
1 593 641
2 593 656 594 659
2 594 370 595 374
2 594 378 595 380
2 594 500 595 503
1 594 522
2 594 524 595 526
2 594 616 596 617
2 594 643 598 644
2 594 644 597 645
1 594 645
2 594 650 595 654
2 594 658 599 659
2 595 365 597 366
2 595 370 598 371
1 595 378
2 595 405 596 408
1 595 525
2 595 617 596 620
1 595 650
2 595 659 597 660
2 596 380 597 382
2 596 405 598 406
2 596 408 599 409
1 596 411
2 596 496 597 499
2 596 526 597 530
2 596 612 597 614
1 597 381
2 597 498 598 500
2 597 525 598 527
1 597 529
1 597 612
1 598 366
1 598 369
2 598 406 599 408
2 598 415 599 418
2 598 494 602 495
2 598 608 599 610
2 598 616 599 619
1 598 655
2 599 405 600 407
2 599 414 600 416
1 599 417
2 599 609 600 611
2 599 618 600 620
1 600 414
2 600 418 601 420
2 600 490 601 492
1 600 493
2 600 530 601 532
1 600 533
2 600 604 601 607
1 600 610
1 601 490
1 601 530
1 601 604
2 602 424 603 426
2 602 486 604 487
2 602 598 603 601
1 603 487
2 603 537 606 538
1 603 598
2 604 423 606 424
2 604 430 605 434
2 604 478 605 483
2 604 485 606 486
2 604 542 605 546
2 604 590 605 594
1 605 422
1 605 430
1 605 478
1 605 481
1 605 543
1 605 590
1 605 602
2 606 421 608 422
2 606 436 607 444
2 606 470 607 474
2 606 549 608 550
2 606 552 607 556
2 606 582 607 589
2 606 593 615 594
1 607 439
1 607 441
2 607 443 610 444
2 607 473 610 474
1 607 476
1 607 548
1 607 555
1 607 583
1 607 585
1 608 448
1 608 450
1 608 452
2 608 454 609 456
1 608 462
2 608 466 609 468
2 608 547 610 548
2 608 557 609 559
1 608 562
2 608 565 612 566
1 608 570
1 608 572
1 608 574
1 608 576
2 608 579 610 580
2 608 604 613 605
2 609 432 611 433
1 609 455
2 609 592 611 593
2 610 474 611 477
2 610 548 611 551
2 610 570 615 571
1 611 419
2 611 453 613 454
2 611 460 614 461
1 611 476
1 611 548
1 611 564
2 611 571 613 572
1 611 605
2 612 420 613 422
2 612 602 613 604
1 613 602
2 614 423 615 426
2 614 428 615 430
1 614 431
2 614 453 615 456
2 614 458 617 459
1 614 459
1 614 565
1 614 571
2 614 595 615 598
2 614 600 615 602
1 615 425
1 615 429
1 615 455
1 615 595
1 615 597
2 616 426 618 427
1 616 457
2 616 566 617 568
2 616 600 618 601
1 618 425
1 618 599
4 156 510 164 512
4 156 512 164 514
4 158 514 160 516
4 162 514 164 516
4 164 520 168 522
4 166 502 168 504
4 168 498 170 500
4 168 524 176 526
4 168 526 170 528
4 172 498 184 500
4 174 526 176 528
4 176 496 178 498
4 180 524 186 526
4 184 500 186 504
4 186 502 188 504
4 188 504 190 508
4 188 516 190 522
4 190 516 192 518
4 192 510 196 512
4 194 496 196 510
4 194 516 196 528
4 196 490 200 492
4 196 532 200 534
4 196 540 200 542
4 198 484 200 490
4 198 534 200 540
4 200 472 204 474
4 200 550 202 554
4 202 474 208 476
4 202 478 204 480
4 202 544 204 546
4 202 550 204 554
4 204 548 208 550
4 206 550 208 552
4 208 470 212 472
4 210 466 216 468
4 210 468 212 470
4 210 556 216 558
4 214 450 216 452
4 214 464 216 466
4 214 558 216 562
4 214 572 216 574
4 216 446 226 448
4 216 462 220 464
4 216 560 220 562
4 216 570 220 572
4 216 576 220 578
4 216 580 218 582
4 218 444 222 446
4 218 456 224 458
4 218 562 220 564
4 218 568 220 570
4 218 578 220 580
4 220 564 224 566
4 222 458 228 460
4 222 566 224 568
4 224 448 226 456
4 224 570 226 572
4 224 576 226 578
4 226 450 228 454
4 226 456 228 458
4 228 568 232 570
4 230 454 236 456
4 234 452 236 454
4 236 572 244 574
4 240 450 256 452
4 254 442 256 448
4 254 578 256 584
4 256 440 258 448
4 256 576 258 586
4 258 442 260 446
4 258 578 260 582
4 260 448 262 452
4 262 450 272 452
4 268 572 278 574
4 276 448 278 456
4 276 574 278 578
4 278 454 284 456
4 284 568 286 570
4 288 454 290 456
4 288 458 290 460
4 288 564 294 566
4 288 568 290 570
4 292 460 294 464
4 294 462 298 464
4 296 460 298 462
4 296 560 298 564
4 300 466 302 472
4 300 556 302 558
4 302 470 306 472
4 304 472 306 476
4 304 548 306 554
4 306 474 308 476
4 306 548 308 550
4 308 476 310 480
4 308 544 310 548
4 312 482 314 488
4 312 536 314 542
4 314 536 316 538
4 316 492 318 504
4 316 524 318 532
4 318 502 320 504
4 322 486 324 540
4 324 474 328 476
4 324 548 328 550
4 326 466 328 474
4 326 550 328 560
4 328 462 332 464
4 330 454 332 462
4 330 564 332 570
4 330 572 336 574
4 332 440 336 442
4 332 450 336 452
4 332 582 334 586
4 334 446 336 450
4 334 574 336 580
4 334 582 336 586
4 338 424 340 428
4 338 434 340 440
4 338 584 340 590
4 338 596 340 602
4 340 424 342 428
4 340 596 342 602
4 342 426 348 428
4 342 430 344 432
4 342 592 344 596
4 342 598 344 600
4 346 422 348 426
4 346 600 348 604
4 346 624 348 626
4 348 404 352 406
4 348 418 352 420
4 348 618 356 620
4 350 406 352 408
4 350 416 352 418
4 350 624 356 626
4 352 398 354 400
4 352 616 354 618
4 354 410 356 412
4 354 612 356 614
4 356 402 358 408
4 356 620 358 624
4 358 406 360 408
4 360 402 364 404
4 360 620 364 622
4 362 622 364 624
4 364 398 368 400
4 366 390 370 392
4 366 396 368 398
4 366 628 368 630
4 366 632 370 634
4 372 368 376 370
4 372 390 376 392
4 374 356 376 360
4 374 364 376 368
4 374 370 376 372
4 374 388 376 390
4 374 636 380 638
4 374 652 376 662
4 374 664 376 668
4 376 356 378 360
4 376 386 380 388
4 376 650 380 652
4 376 664 378 668
4 378 638 380 640
4 378 648 380 650
4 380 376 386 378
4 380 640 384 642
4 380 664 388 666
4 382 358 384 360
4 382 382 384 384
4 382 642 384 644
4 386 378 388 380
4 386 644 388 646
4 388 360 390 364
4 388 372 390 376
4 388 648 396 650
4 388 650 390 652
4 388 660 390 664
4 390 362 392 364
4 390 372 392 374
4 390 660 392 662
4 392 374 396 376
4 394 372 396 374
4 394 650 396 652
4 396 652 400 654
4 398 370 404 372
4 402 366 408 368
4 402 368 404 370
4 402 656 408 658
4 406 658 408 660
4 408 362 410 364
4 408 660 416 662
4 412 362 416 364
4 414 662 416 664
4 418 352 420 358
4 418 664 420 666
4 418 668 420 674
4 420 672 424 674
4 424 358 428 360
4 426 356 428 358
4 428 668 436 670
4 432 354 436 356
4 434 670 436 672
4 436 348 438 352
4 436 672 438 676
4 440 672 448 674
4 446 348 448 352
4 446 674 448 676
4 448 350 456 352
4 454 320 456 322
4 454 348 456 350
4 454 704 460 706
4 456 306 460 308
4 456 318 460 320
4 456 324 460 326
4 456 328 460 330
4 456 676 458 678
4 456 696 460 698
4 456 718 460 720
4 458 304 460 306
4 458 312 460 318
4 458 326 460 328
4 458 330 460 332
4 458 694 460 696
4 458 698 460 700
4 458 706 460 714
4 458 716 464 718
4 460 676 476 678
4 462 306 464 308
4 462 336 464 338
4 466 302 472 304
4 466 340 472 342
4 466 720 468 722
4 468 682 472 684
4 470 300 472 302
4 470 342 472 344
4 470 346 476 348
4 472 298 486 300
4 472 724 490 726
4 478 288 480 294
4 478 730 480 736
4 480 736 486 738
4 482 296 486 298
4 482 726 486 728
4 484 344 486 348
4 484 676 500 678
4 484 678 486 680
4 484 728 486 732
4 486 346 490 348
4 486 730 488 732
4 488 680 490 684
4 490 682 492 684
4 492 302 494 304
4 492 340 494 342
4 492 720 498 722
4 492 722 494 724
4 496 302 498 308
4 496 336 498 340
4 496 686 498 688
4 496 716 498 720
4 498 336 500 338
4 498 716 500 718
4 500 310 502 316
4 500 328 502 334
4 500 690 502 696
4 500 708 502 714
4 502 308 504 312
4 502 314 504 316
4 502 328 504 330
4 502 694 504 696
4 502 708 504 710
4 502 714 506 716
4 504 308 506 312
4 504 322 506 324
4 508 348 510 352
4 508 676 510 678
4 510 350 516 352
4 512 672 520 674
4 514 348 516 350
4 514 674 516 676
4 520 352 522 356
4 522 354 530 356
4 524 350 526 354
4 524 668 526 676
4 526 350 528 352
4 526 668 530 670
4 532 356 534 360
4 534 358 538 360
4 536 664 542 666
4 540 360 542 364
4 540 666 548 668
4 542 362 546 364
4 544 352 546 360
4 544 660 548 662
4 544 668 546 672
4 546 354 548 358
4 546 668 548 670
4 548 364 550 368
4 550 366 554 368
4 552 656 556 658
4 556 364 558 368
4 556 370 560 372
4 556 652 562 654
4 556 654 558 656
4 556 658 558 660
4 560 372 562 376
4 562 374 566 376
4 564 648 568 650
4 568 378 570 380
4 568 644 570 646
4 572 382 574 384
4 572 640 574 644
4 574 370 576 382
4 574 640 576 642
4 574 644 576 654
4 576 384 590 386
4 576 386 578 388
4 576 514 582 516
4 576 636 578 640
4 578 656 584 658
4 580 366 590 368
4 580 390 582 392
4 580 508 584 510
4 580 632 582 634
4 580 638 590 640
4 582 364 584 366
4 582 386 586 388
4 582 658 584 662
4 584 394 586 396
4 584 504 590 506
4 584 506 586 508
4 584 516 586 520
4 584 628 586 632
4 586 518 588 520
4 588 400 590 404
4 588 620 590 624
4 588 656 590 658
4 590 402 592 404
4 590 620 592 622
4 590 624 592 626
4 592 370 594 384
4 592 406 594 408
4 592 500 594 502
4 592 524 594 528
4 592 616 594 618
4 592 642 594 656
4 594 366 596 370
4 594 374 596 378
4 594 380 596 382
4 594 526 596 528
4 594 646 596 650
4 594 654 596 658
4 596 366 598 370
4 596 406 598 408
4 596 412 598 420
4 596 492 598 496
4 596 530 600 532
4 596 608 598 612
4 596 616 598 620
4 596 654 598 658
4 598 418 600 420
4 598 492 600 494
4 600 420 602 428
4 600 484 602 490
4 600 534 602 540
4 600 596 602 604
4 602 426 604 428
4 602 484 604 486
4 602 538 606 540
4 602 596 604 598
4 604 428 608 430
4 604 434 606 444
4 604 468 606 478
4 604 486 606 488
4 604 546 606 556
4 604 580 606 590
4 604 594 614 596
4 604 600 608 602
4 606 422 608 424
4 606 430 608 432
4 606 468 608 470
4 606 474 610 476
4 606 550 610 552
4 606 580 610 582
4 606 602 608 604
4 608 444 610 446
4 608 476 610 478
4 608 548 610 550
4 608 566 616 568
4 608 568 616 570
4 610 454 614 456
4 612 422 614 432
4 612 456 614 460
4 612 564 614 566
4 612 596 614 602
4 614 426 616 428
4 614 456 616 458
4 614 598 618 600
4 616 424 618 426
4 164 504 168 520
4 168 500 184 504
4 168 520 188 524
4 176 524 180 528
4 184 504 188 520
4 188 508 192 516
4 192 512 200 516
4 196 492 200 512
4 196 516 200 532
4 204 476 208 480
4 204 544 208 548
4 208 552 216 556
4 212 468 216 472
4 216 572 228 576
4 220 460 232 464
4 220 560 224 564
4 220 568 224 572
4 220 576 224 580
4 228 456 232 460
4 232 568 248 572
4 236 452 276 456
4 244 572 248 576
4 256 448 260 452
4 264 568 284 572
4 264 572 268 576
4 288 460 292 464
4 288 560 296 564
4 296 464 300 472
4 296 552 300 560
4 300 552 304 556
4 304 476 308 480
4 304 544 308 548
4 312 488 316 504
4 312 520 316 536
4 316 520 320 524
4 324 476 328 548
4 328 560 336 564
4 332 452 336 464
4 332 564 336 572
4 340 432 344 440
4 340 584 344 592
4 344 428 352 432
4 348 400 356 404
4 348 420 352 428
4 348 600 352 608
4 348 620 356 624
4 352 404 356 408
4 352 412 360 416
4 352 608 360 612
4 356 408 360 412
4 356 612 360 620
4 360 404 368 408
4 360 616 368 620
4 364 400 368 404
4 364 620 368 628
4 372 632 384 636
4 376 388 384 392
4 376 652 392 656
4 380 384 384 388
4 380 636 384 640
4 380 648 388 652
4 384 360 388 376
4 384 380 392 384
4 384 640 392 644
4 384 656 388 664
4 388 364 392 372
4 388 376 392 380
4 388 644 392 648
4 388 656 392 660
4 396 372 408 376
4 396 648 400 652
4 404 368 408 372
4 408 364 416 368
4 408 656 416 660
4 420 352 424 360
4 420 664 440 668
4 420 668 424 672
4 428 356 440 360
4 436 352 440 356
4 436 668 440 672
4 448 672 512 676
4 456 320 464 324
4 456 348 508 352
4 456 700 464 704
4 460 308 464 320
4 460 324 464 336
4 460 688 464 700
4 460 704 464 716
4 464 336 472 340
4 464 684 472 688
4 468 720 492 724
4 472 300 492 304
4 476 344 484 348
4 476 676 484 680
4 480 728 484 736
4 484 732 488 736
4 488 336 492 344
4 488 684 496 688
4 492 336 496 340
4 496 308 500 320
4 496 328 500 336
4 496 688 500 696
4 496 704 500 716
4 500 316 504 320
4 500 704 504 708
4 520 356 532 360
4 520 664 536 668
4 520 668 524 672
4 536 360 540 368
4 540 352 544 360
4 540 364 548 368
4 540 668 544 672
4 544 656 552 660
4 552 368 556 376
4 552 648 564 652
4 552 652 556 656
4 556 372 560 376
4 568 380 572 384
4 568 640 572 644
4 576 388 580 392
4 576 504 580 512
4 576 516 584 520
4 576 632 580 636
4 580 504 584 508
4 584 396 588 408
4 584 616 588 628
4 584 656 588 660
4 588 404 592 408
4 588 616 592 620
4 592 408 596 424
4 592 488 596 500
4 592 528 596 536
4 592 608 596 616
4 596 420 600 424
4 596 488 600 492
4 596 532 600 536
4 600 428 604 448
4 600 464 604 484
4 600 540 604 560
4 600 576 604 596
4 604 424 612 428
4 604 444 608 448
4 604 464 608 468
4 604 556 608 560
4 604 576 608 580
4 604 596 612 600
4 608 420 612 424
4 608 428 612 432
4 608 456 612 460
4 608 600 612 604
4 168 504 176 520
4 176 504 184 520
4 200 480 208 544
4 208 472 224 480
4 208 544 224 552
4 216 448 224 456
4 216 464 224 472
4 216 552 224 560
4 224 560 288 568
4 232 456 288 464
4 248 568 264 576
4 288 464 296 480
4 288 544 296 560
4 296 472 304 480
4 296 544 304 552
4 304 480 312 544
4 312 504 320 520
4 328 464 336 560
4 336 440 352 448
4 336 576 352 584
4 344 432 352 440
4 344 584 352 600
4 360 408 368 416
4 360 608 368 616
4 368 392 384 400
4 368 624 384 632
4 376 360 384 376
4 376 656 384 664
4 392 376 416 384
4 392 640 400 648
4 408 368 416 376
4 416 360 448 368
4 416 656 448 664
4 440 352 448 360
4 440 664 448 672
4 472 336 488 344
4 472 680 488 688
4 480 288 488 296
4 496 320 504 328
4 496 696 504 704
4 512 352 520 368
4 512 656 544 664
4 512 664 520 672
4 520 360 536 368
4 544 368 552 384
4 544 640 568 648
4 544 648 552 656
4 552 376 568 384
4 576 392 584 416
4 576 496 592 504
4 576 520 592 528
4 576 608 584 632
4 584 408 592 416
4 584 608 592 616
4 592 424 600 448
4 592 464 600 488
4 592 536 600 560
4 592 576 600 608
4 208 480 224 544
4 224 464 288 480
4 224 544 288 560
4 288 480 304 544
4 336 448 352 576
4 368 400 384 416
4 368 608 384 624
4 400 640 448 656
4 416 368 448 384
4 464 304 480 336
4 464 688 480 720
4 480 304 496 336
4 480 688 496 720
4 512 368 544 384
4 512 640 544 656
4 576 368 592 384
4 576 416 592 496
4 576 528 592 608
4 576 640 592 656
4 592 448 608 464
4 592 560 608 576
4 224 480 256 544
4 256 480 288 544
4 352 416 384 608
4 448 352 512 384
4 448 640 512 672
4 512 384 576 640
4 384 384 512 640
