1024 
1024 
1024 
1024 
1024 
1024 
1024 
1024 
1024 
1024 
1024 
1024 
1024 
1024 
1024 
1024 
1024 
1024 
1024 
1024 
1024 
1024 
1024 
1024 
1024 
1024 
1024 
1024 
1024 
1024 
1024 
1024 
1024 
1024 
1024 
1024 
1024 
1024 
1024 
1024 
1024 
1024 
1024 
1024 
1024 
1024 
1024 
1024 
1024 
1024 
1024 
1024 
1024 
1024 
1024 
1024 
1024 
1024 
1024 
1024 
1024 
1024 
1024 
1024 
1024 
1024 
1024 
1024 
1024 
1024 
1024 
1024 
1024 
1024 
1024 
1024 
1024 
1024 
1024 
1024 
1024 
1024 
1024 
1024 
1024 
1024 
1024 
1024 
1024 
1024 
1024 
1024 
1024 
1024 
1024 
1024 
1024 
1024 
1024 
1024 
1024 
1024 
1024 
1024 
1024 
1024 
1024 
1024 
1024 
1024 
1024 
1024 
1024 
1024 
1024 
1024 
1024 
1024 
1024 
1024 
1024 
1024 
1024 
1024 
1024 
1024 
1024 
1024 
1024 
1024 
1024 
1024 
1024 
1024 
1024 
1024 
1024 
1024 
1024 
1024 
1024 
1024 
1024 
1024 
1024 
1024 
1024 
1024 
1024 
1024 
1024 
1024 
1024 
1024 
1024 
1024 
1024 
1024 
1024 
1024 
1024 
1024 
1024 
1024 
1024 
1024 
1024 
1024 
1024 
1024 
1024 
1024 
1024 
1024 
1024 
1024 
1024 
1024 
1024 
1024 
1024 
1024 
1024 
1024 
1024 
1024 
1024 
1024 
1024 
1024 
1024 
1024 
1024 
1024 
1024 
1024 
1024 
1024 
1024 
1024 
1024 
1024 
1024 
1024 
269 2 483 2 268 
269 2 483 2 268 
266 5 483 5 265 
267 5 481 5 266 
266 7 479 7 265 
267 5 481 5 266 
267 4 483 4 266 
1024 
1024 
1024 
1024 
1024 
1024 
1024 
1024 
1024 
1024 
1024 
1024 
310 1 403 1 309 
1024 
1024 
257 1 509 1 256 
1024 
278 1 467 1 277 
277 2 467 2 276 
1024 
1024 
1024 
1024 
1024 
1024 
1024 
1024 
1024 
1024 
241 2 71 2 393 2 71 2 240 
314 1 395 1 313 
1024 
1024 
1024 
294 2 433 2 293 
295 1 433 1 294 
1024 
1024 
1024 
1024 
372 2 277 2 371 
315 1 393 1 314 
315 3 389 3 314 
314 4 389 4 313 
314 4 389 4 313 
301 1 7 3 2 4 5 1 377 1 5 4 2 3 7 1 300 
301 3 3 8 1 1 391 1 1 8 3 3 300 
300 5 2 12 387 12 2 5 299 
300 5 1 16 381 16 1 5 299 
301 21 381 21 300 
302 21 1 2 373 2 1 21 301 
303 23 373 23 302 
302 23 375 23 301 
301 24 375 24 300 
301 25 373 25 300 
300 26 373 26 299 
301 26 42 1 285 1 42 26 300 
300 26 373 26 299 
299 1 1 25 373 25 1 1 298 
298 28 373 28 297 
301 25 180 2 9 2 180 25 300 
301 24 178 1 1 5 5 5 1 1 178 24 300 
301 25 179 4 7 4 179 25 300 
302 22 155 2 23 1 1 2 9 2 1 1 23 2 155 22 301 
301 23 21 1 1 1 18 3 109 4 24 2 9 2 24 4 109 3 18 1 1 1 21 23 300 
303 20 13 2 5 5 14 1 1 4 111 3 24 3 2 3 2 3 24 3 111 4 1 1 14 5 5 2 13 20 302 
303 20 9 1 3 2 6 4 14 6 1 1 109 4 3 1 10 3 3 1 3 11 3 1 3 3 10 1 3 4 109 1 1 6 14 4 6 2 3 1 9 20 302 
303 1 1 17 5 3 1 5 3 3 2 4 14 9 106 9 12 1 4 1 1 15 1 1 4 1 12 9 106 9 14 4 2 3 3 5 1 3 5 17 1 1 302 
306 14 2 22 1 2 14 13 101 1 1 8 14 1 3 19 3 1 14 8 1 1 101 13 14 2 1 22 2 14 305 
307 43 2 2 7 12 102 11 8 37 8 11 102 12 7 2 2 43 306 
311 42 7 12 104 13 4 1 1 35 1 1 4 13 104 12 7 42 310 
313 41 1 1 4 13 103 10 6 2 1 35 1 2 6 10 103 13 4 1 1 41 312 
311 47 3 11 104 11 3 45 3 11 104 11 3 47 310 
308 51 2 12 104 7 1 55 1 7 104 12 2 51 307 
307 54 1 11 103 1 1 69 1 1 103 11 1 54 306 
305 66 106 71 106 66 304 
303 67 97 2 1 1 2 1 1 75 1 1 2 1 1 2 97 67 302 
299 1 3 62 89 1 13 1 1 1 1 81 1 1 1 1 13 1 89 62 3 1 298 
299 68 86 2 6 1 4 93 4 1 6 2 86 68 298 
299 69 85 3 11 91 11 3 85 69 298 
299 70 84 2 6 1 5 91 5 1 6 2 84 70 298 
293 1 3 74 89 3 4 91 4 3 89 74 3 1 292 
292 3 2 75 88 1 1 101 1 1 88 75 2 3 291 
291 81 3 1 83 107 83 1 3 81 290 
292 85 15 1 65 1 1 105 1 1 65 1 15 85 291 
293 1 1 81 13 1 68 1 1 105 1 1 68 1 13 81 1 1 292 
294 81 82 111 82 81 293 
292 85 79 1 1 109 1 1 79 85 291 
292 86 76 2 1 111 1 2 76 86 291 
273 1 16 88 4 3 71 113 71 3 4 88 16 1 272 
291 88 2 5 68 1 2 111 2 1 68 5 2 88 290 
280 1 9 89 2 6 67 117 67 6 2 89 9 1 279 
282 2 5 99 63 123 63 99 5 2 281 
255 1 5 1 17 6 4 99 64 121 64 99 4 6 17 1 5 1 254 
280 6 3 98 63 125 63 98 3 6 279 
278 9 2 98 62 3 1 119 1 3 62 98 2 9 277 
271 1 6 9 1 94 68 125 68 94 1 9 6 1 270 
278 9 1 95 55 2 6 1 2 127 2 1 6 2 55 95 1 9 277 
277 107 54 1 5 1 1 2 1 127 1 2 1 1 5 1 54 107 276 
276 109 51 4 2 1 1 137 1 1 2 4 51 109 275 
279 7 1 98 51 5 3 137 3 5 51 98 1 7 278 
280 106 51 3 1 143 1 3 51 106 279 
280 2 1 1 2 100 40 1 8 155 8 1 40 100 2 1 1 2 279 
285 101 48 157 48 101 284 
286 100 46 161 46 100 285 
286 101 2 1 38 1 4 159 4 1 38 1 2 101 285 
285 102 1 2 41 163 41 2 1 102 284 
285 106 40 163 40 106 284 
285 107 40 161 40 107 284 
283 108 39 165 39 108 282 
284 104 40 169 40 104 283 
285 103 40 169 40 103 284 
284 104 41 167 41 104 283 
285 104 39 169 39 104 284 
285 104 38 171 38 104 284 
282 2 1 104 31 185 31 104 1 2 281 
282 107 25 1 5 2 2 177 2 2 5 1 25 107 281 
281 108 1 2 26 1 1 185 1 1 26 2 1 108 280 
281 4 1 106 27 187 27 106 1 4 280 
281 4 1 107 24 191 24 107 1 4 280 
286 104 27 191 27 104 285 
286 104 26 193 26 104 285 
286 104 27 191 27 104 285 
287 103 26 193 26 103 286 
288 102 24 1 2 191 2 1 24 102 287 
288 103 20 2 3 193 3 2 20 103 287 
287 105 18 2 1 199 1 2 18 105 286 
286 104 20 205 20 104 285 
286 1 2 101 18 209 18 101 2 1 285 
290 100 19 207 19 100 289 
291 99 18 209 18 99 290 
290 101 16 1 1 207 1 1 16 101 289 
293 98 13 2 2 209 2 2 13 98 292 
294 95 15 217 15 95 293 
293 1 1 94 14 219 14 94 1 1 292 
295 95 10 1 2 219 2 1 10 95 294 
298 92 8 1 2 1 1 219 1 1 2 1 8 92 297 
300 89 11 225 11 89 299 
302 87 11 225 11 87 301 
302 87 9 229 9 87 301 
301 87 9 1 1 227 1 1 9 87 300 
299 89 9 231 9 89 298 
298 90 8 233 8 90 297 
299 88 8 235 8 88 298 
299 88 7 237 7 88 298 
296 90 8 237 8 90 295 
298 88 6 241 6 88 297 
298 88 6 241 6 88 297 
297 89 3 1 1 243 1 1 3 89 296 
298 87 5 245 5 87 297 
298 86 5 247 5 86 297 
298 86 3 251 3 86 297 
299 84 3 253 3 84 298 
300 83 2 255 2 83 299 
292 1 7 82 2 257 2 82 7 1 291 
293 1 7 81 2 257 2 81 7 1 292 
302 79 2 259 2 79 301 
299 1 4 1 2 73 2 261 2 73 2 1 4 1 298 
299 1 5 1 1 1 1 71 1 263 1 71 1 1 1 1 5 1 298 
303 1 7 4 1 63 1 265 1 63 1 4 7 1 302 
315 63 1 267 1 63 314 
316 393 315 
316 393 315 
316 393 315 
316 4 1 383 1 4 315 
323 379 322 
316 1 9 373 9 1 315 
326 373 325 
330 365 329 
333 37 1 283 1 37 332 
336 33 1 285 1 33 335 
337 31 1 287 1 31 336 
338 29 1 289 1 29 337 
318 1 20 26 2 291 2 26 20 1 317 
339 24 3 293 3 24 338 
334 1 7 20 3 295 3 20 7 1 333 
264 1 6 1 72 16 4 297 4 16 72 1 6 1 263 
347 8 8 299 8 8 346 
353 1 1 1 3 2 2 299 2 2 3 1 1 1 352 
347 1 13 303 13 1 346 
341 1 19 303 19 1 340 
360 305 359 
312 1 42 1 3 307 3 1 42 1 311 
358 309 357 
299 1 52 1 5 309 5 1 52 1 298 
289 1 67 311 67 1 288 
356 313 355 
356 313 355 
355 315 354 
354 317 353 
344 1 9 317 9 1 343 
321 1 31 319 31 1 320 
351 1 1 319 1 1 350 
352 321 351 
352 321 351 
349 1 1 323 1 1 348 
334 1 14 327 14 1 333 
324 1 25 325 25 1 323 
305 1 5 2 2 1 33 327 33 1 2 2 5 1 304 
346 333 345 
346 333 345 
298 2 11 2 13 1 20 331 20 1 13 2 11 2 297 
347 331 346 
346 333 345 
343 1 2 333 2 1 342 
342 341 341 
343 339 342 
344 337 343 
291 2 50 339 50 2 290 
291 3 48 341 48 3 290 
343 339 342 
338 1 3 341 3 1 337 
338 3 1 341 1 3 337 
338 349 337 
338 349 337 
341 343 340 
340 345 339 
340 345 339 
339 347 338 
338 349 337 
339 347 338 
269 3 66 349 66 3 268 
269 2 60 1 1 2 2 351 2 2 1 1 60 2 268 
332 4 1 351 1 4 331 
331 363 330 
331 363 330 
248 1 84 359 84 1 247 
247 2 85 357 85 2 246 
248 3 85 353 85 3 247 
247 5 83 355 83 5 246 
246 6 78 1 4 355 4 1 78 6 245 
247 5 82 357 82 5 246 
248 3 83 357 83 3 247 
332 361 331 
332 361 331 
332 361 331 
333 359 332 
332 361 331 
332 361 331 
322 1 9 361 9 1 321 
321 9 2 361 2 9 320 
323 7 2 361 2 7 322 
323 8 1 361 1 8 322 
322 9 1 361 1 9 321 
322 381 321 
323 379 322 
325 375 324 
327 3 1 363 1 3 326 
330 365 329 
330 365 329 
330 365 329 
329 367 328 
330 365 329 
323 1 6 365 6 1 322 
328 369 327 
329 367 328 
329 367 328 
329 367 328 
325 375 324 
326 373 325 
327 371 326 
327 1 1 367 1 1 326 
328 369 327 
328 369 327 
327 371 326 
185 1 141 371 141 1 184 
302 1 25 369 25 1 301 
328 369 327 
301 1 25 371 25 1 300 
316 1 10 371 10 1 315 
316 2 2 2 5 371 5 2 2 2 315 
315 7 6 369 6 7 314 
314 10 3 371 3 10 313 
308 3 2 12 3 369 3 12 2 3 307 
304 1 3 18 2 369 2 18 3 1 303 
308 19 1 369 1 19 307 
308 19 1 369 1 19 307 
311 403 310 
311 403 310 
311 403 310 
311 403 310 
299 1 11 403 11 1 298 
310 405 309 
312 15 1 369 1 15 311 
313 14 1 369 1 14 312 
319 7 2 369 2 7 318 
328 369 327 
328 369 327 
328 369 327 
328 369 327 
328 369 327 
328 369 327 
327 1 1 367 1 1 326 
327 371 326 
329 367 328 
328 369 327 
328 369 327 
327 371 326 
327 371 326 
328 369 327 
310 1 18 367 18 1 309 
330 365 329 
329 367 328 
330 365 329 
330 365 329 
330 365 329 
330 365 329 
326 4 1 363 1 4 325 
318 1 4 1 1 375 1 1 4 1 317 
321 1 1 379 1 1 320 
325 375 324 
325 6 1 361 1 6 324 
328 3 1 361 1 3 327 
332 361 331 
332 361 331 
333 359 332 
333 359 332 
327 1 4 361 4 1 326 
333 359 332 
333 359 332 
334 357 333 
328 1 3 361 3 1 327 
330 365 329 
331 363 330 
335 355 334 
335 355 334 
335 355 334 
331 1 4 353 4 1 330 
336 353 335 
331 1 3 355 3 1 330 
335 355 334 
337 351 336 
338 349 337 
338 349 337 
337 351 336 
339 347 338 
339 347 338 
339 347 338 
339 347 338 
340 345 339 
341 343 340 
320 1 5 2 3 1 9 343 9 1 3 2 5 1 319 
319 3 5 1 1 1 1 1 2 1 7 341 7 1 2 1 1 1 1 1 5 3 318 
319 3 1 14 5 341 5 14 1 3 318 
320 19 4 339 4 19 319 
310 1 6 24 3 337 3 24 6 1 309 
310 3 3 26 2 337 2 26 3 3 309 
309 4 2 28 2 335 2 28 2 4 308 
309 35 1 335 1 35 308 
309 36 1 333 1 36 308 
310 405 309 
311 403 310 
310 405 309 
309 407 308 
310 405 309 
307 411 306 
307 411 306 
309 41 1 323 1 41 308 
308 409 307 
307 44 1 321 1 44 306 
308 43 1 321 1 43 307 
308 43 2 319 2 43 307 
308 44 2 317 2 44 307 
301 4 2 45 2 317 2 45 2 4 300 
299 8 1 44 3 315 3 44 1 8 298 
300 7 1 44 4 313 4 44 1 7 299 
300 52 5 311 5 52 299 
298 54 5 311 5 54 297 
299 53 6 309 6 53 298 
299 9 1 43 6 309 6 43 1 9 298 
299 8 2 42 9 305 9 42 2 8 298 
273 1 24 9 2 42 10 303 10 42 2 9 24 1 272 
273 2 23 1 3 4 3 41 10 305 10 41 3 4 3 1 23 2 272 
273 2 28 1 6 40 12 301 12 40 6 1 28 2 272 
311 37 1 1 13 299 13 1 1 37 310 
312 35 16 299 16 35 311 
311 1 1 35 15 299 15 35 1 1 310 
314 17 1 15 16 2 1 293 1 2 16 15 1 17 313 
315 15 3 6 27 293 27 6 3 15 314 
315 14 39 144 1 144 39 14 314 
315 3 1 8 42 143 1 143 42 8 1 3 314 
315 3 5 1 43 145 1 145 43 1 5 3 314 
316 1 50 145 1 145 50 1 315 
366 5 1 139 3 139 1 5 365 
372 139 3 139 371 
374 137 3 137 373 
374 136 5 136 373 
376 134 5 134 375 
288 1 89 131 7 131 89 1 287 
379 130 7 130 378 
377 132 7 132 376 
376 131 11 131 375 
375 7 1 123 13 123 1 7 374 
375 8 1 121 15 121 1 8 374 
375 8 2 121 13 121 2 8 374 
374 8 5 117 17 117 5 8 373 
374 1 1 3 1 1 7 116 17 116 7 1 1 3 1 1 373 
377 1 12 112 21 112 12 1 376 
389 111 25 111 388 
368 1 20 3 1 108 23 108 1 3 20 1 367 
389 2 4 103 1 2 23 2 1 103 4 2 388 
395 103 29 103 394 
395 1 3 96 35 96 3 1 394 
400 96 33 96 399 
402 90 2 3 31 3 2 90 401 
404 87 3 2 33 2 3 87 403 
407 83 45 83 406 
403 84 51 84 402 
400 11 1 77 47 77 1 11 399 
400 13 1 69 2 4 47 4 2 69 1 13 399 
399 15 1 66 4 4 47 4 4 66 1 15 398 
396 1 1 17 5 59 1 1 4 3 49 3 4 1 1 59 5 17 1 1 395 
397 19 6 1 1 50 13 1 49 1 13 50 1 1 6 19 396 
397 20 8 2 1 42 2 4 73 4 2 42 1 2 8 20 396 
396 21 8 1 6 34 1 1 3 6 71 6 3 1 1 34 6 1 8 21 395 
394 1 1 21 14 4 4 19 1 1 2 3 6 6 71 6 6 3 2 1 1 19 4 4 14 21 1 1 393 
394 24 12 5 4 1 8 5 10 1 6 7 71 7 6 1 10 5 8 1 4 5 12 24 393 
394 23 14 3 12 9 16 5 73 5 16 9 12 3 14 23 393 
396 21 14 1 14 9 17 3 75 3 17 9 14 1 14 21 395 
396 20 29 11 17 2 75 2 17 11 29 20 395 
396 20 28 12 113 12 28 20 395 
397 19 29 12 111 12 29 19 396 
397 14 1 3 30 10 115 10 30 3 1 14 396 
398 12 34 10 117 10 34 12 397 
396 13 32 1 4 8 18 1 79 1 18 8 4 1 32 13 395 
396 4 1 7 39 6 119 6 39 7 1 4 395 
396 4 3 1 2 1 40 2 127 2 40 1 2 1 3 4 395 
396 4 6 1 8 1 31 2 127 2 31 1 8 1 6 4 395 
397 1 50 1 127 1 50 1 396 
1024 
1024 
396 1 231 1 395 
1024 
1024 
444 1 135 1 443 
387 1 249 1 386 
1024 
1024 
1024 
1024 
1024 
1024 
1024 
1024 
1024 
1024 
1024 
1024 
1024 
1024 
1024 
1024 
1024 
1024 
1024 
1024 
1024 
1024 
1024 
1024 
1024 
1024 
1024 
1024 
1024 
1024 
1024 
1024 
1024 
1024 
1024 
1024 
1024 
1024 
1024 
1024 
1024 
1024 
1024 
1024 
1024 
1024 
1024 
1024 
1024 
1024 
1024 
1024 
1024 
1024 
1024 
1024 
1024 
1024 
1024 
1024 
1024 
1024 
1024 
1024 
1024 
1024 
1024 
1024 
1024 
1024 
1024 
1024 
1024 
1024 
1024 
1024 
1024 
1024 
1024 
1024 
1024 
1024 
1024 
1024 
1024 
1024 
1024 
1024 
1024 
1024 
1024 
1024 
1024 
1024 
1024 
1024 
1024 
1024 
1024 
1024 
1024 
1024 
1024 
1024 
1024 
1024 
1024 
1024 
1024 
1024 
1024 
1024 
1024 
1024 
1024 
1024 
1024 
1024 
1024 
1024 
1024 
1024 
1024 
1024 
1024 
1024 
1024 
1024 
1024 
1024 
1024 
1024 
1024 
1024 
1024 
1024 
1024 
1024 
1024 
1024 
1024 
1024 
1024 
1024 
1024 
1024 
1024 
1024 
1024 
1024 
1024 
1024 
1024 
1024 
1024 
1024 
1024 
1024 
1024 
1024 
1024 
1024 
1024 
1024 
1024 
1024 
1024 
1024 
1024 
1024 
1024 
1024 
1024 
1024 
1024 
1024 
1024 
1024 
1024 
1024 
1024 
1024 
1024 
1024 
1024 
1024 
1024 
1024 
1024 
1024 
1024 
1024 
1024 
1024 
1024 
1024 
1024 
1024 
1024 
1024 
1024 
1024 
1024 
1024 
1024 
1024 
1024 
1024 
1024 
1024 
1024 
1024 
1024 
1024 
1024 
1024 
1024 
1024 
1024 
1024 
1024 
1024 
1024 
1024 
1024 
1024 
1024 
1024 
1024 
1024 
1024 
1024 
1024 
1024 
1024 
1024 
1024 
1024 
1024 
1024 
1024 
1024 
1024 
1024 
1024 
1024 
1024 
1024 
1024 
1024 
1024 
1024 
1024 
1024 
1024 
1024 
1024 
1024 
1024 
1024 
1024 
1024 
1024 
1024 
1024 
1024 
1024 
1024 
1024 
1024 
1024 
1024 
1024 
1024 
1024 
1024 
1024 
1024 
1024 
1024 
1024 
1024 
1024 
1024 
1024 
1024 
1024 
1024 
1024 
1024 
1024 
1024 
1024 
1024 
1024 
1024 
1024 
1024 
1024 
1024 
1024 
1024 
1024 
1024 
1024 
1024 
1024 
1024 
1024 
1024 
1024 
1024 
1024 
1024 
1024 
1024 
1024 
1024 
1024 
1024 
1024 
1024 
1024 
1024 
1024 
1024 
1024 
1024 
1024 
1024 
1024 
1024 
1024 
1024 
1024 
1024 
1024 
1024 
1024 
1024 
1024 
1024 
1024 
1024 
1024 
1024 
1024 
1024 
1024 
1024 
1024 
1024 
1024 
1024 
1024 
1024 
1024 
1024 
1024 
1024 
1024 
1024 
1024 
1024 
1024 
1024 
1024 
1024 
1024 
1024 
1024 
1024 
1024 
1024 
1024 
1024 
1024 
