1024 
1024 
1024 
1024 
1024 
1024 
1024 
1024 
1024 
1024 
1024 
1024 
1024 
1024 
1024 
1024 
1024 
1024 
1024 
1024 
1024 
1024 
1024 
1024 
1024 
1024 
1024 
1024 
1024 
1024 
1024 
1024 
1024 
1024 
1024 
1024 
1024 
1024 
1024 
1024 
1024 
1024 
1024 
1024 
1024 
1024 
1024 
1024 
1024 
1024 
1024 
1024 
1024 
1024 
1024 
1024 
1024 
1024 
1024 
1024 
1024 
1024 
1024 
1024 
1024 
1024 
1024 
1024 
1024 
1024 
1024 
1024 
1024 
1024 
1024 
1024 
1024 
1024 
1024 
1024 
1024 
1024 
1024 
1024 
1024 
1024 
1024 
1024 
1024 
1024 
1024 
1024 
1024 
1024 
1024 
1024 
1024 
1024 
1024 
1024 
1024 
1024 
1024 
1024 
1024 
1024 
1024 
1024 
1024 
1024 
1024 
1024 
1024 
1024 
1024 
1024 
1024 
1024 
1024 
1024 
1024 
1024 
1024 
1024 
1024 
1024 
1024 
1024 
1024 
1024 
1024 
1024 
1024 
1024 
1024 
1024 
1024 
1024 
1024 
1024 
1024 
1024 
1024 
1024 
328 1 367 1 327 
328 2 365 2 327 
327 2 367 2 326 
325 6 363 6 324 
325 6 363 6 324 
325 6 363 6 324 
326 4 365 4 325 
1024 
1024 
1024 
1024 
1024 
1024 
1024 
1024 
1024 
1024 
1024 
1024 
325 1 373 1 324 
333 1 357 1 332 
1024 
1024 
1024 
1024 
1024 
1024 
1024 
318 1 387 1 317 
335 1 353 1 334 
1024 
1024 
1024 
1024 
1024 
1024 
1024 
1024 
1024 
1024 
1024 
1024 
1024 
308 1 407 1 307 
1024 
1024 
1024 
1024 
1024 
328 1 36 1 293 1 36 1 327 
365 1 293 1 364 
297 3 425 3 296 
349 2 323 2 348 
349 1 325 1 348 
1024 
1024 
1024 
1024 
386 1 251 1 385 
1024 
1024 
1024 
1024 
1024 
366 1 291 1 365 
365 3 289 3 364 
354 2 8 5 287 5 8 2 353 
354 4 6 5 287 5 6 4 353 
354 4 3 2 1 5 59 1 167 1 59 5 1 2 3 4 353 
353 5 2 7 66 1 157 1 66 7 2 5 352 
354 4 1 11 65 1 153 1 65 11 1 4 353 
355 17 47 1 185 1 47 17 354 
356 17 279 17 355 
355 19 277 19 354 
354 21 1 2 269 2 1 21 353 
353 25 269 25 352 
352 24 273 24 351 
352 25 271 25 351 
352 25 271 25 351 
351 26 271 26 350 
348 30 269 30 347 
349 30 267 30 348 
351 27 269 27 350 
351 27 269 27 350 
351 27 269 27 350 
351 27 269 27 350 
352 25 271 25 351 
350 27 271 27 349 
352 24 273 24 351 
353 23 273 23 352 
353 22 275 22 352 
354 20 277 20 353 
356 17 11 1 4 2 7 2 1 1 221 1 1 2 7 2 4 1 11 17 355 
356 16 5 1 1 1 1 1 2 2 3 2 6 4 32 1 157 1 32 4 6 2 3 2 2 1 1 1 1 1 5 16 355 
359 11 2 16 1 2 6 5 221 5 6 2 1 16 2 11 358 
362 32 3 5 18 1 183 1 18 5 3 32 361 
363 33 2 3 17 4 181 4 17 3 2 33 362 
360 39 19 6 177 6 19 39 359 
357 45 1 1 13 8 175 8 13 1 1 45 356 
355 50 1 1 9 10 173 10 9 1 1 50 354 
351 1 2 53 9 13 167 13 9 53 2 1 350 
351 57 1 1 5 14 167 14 5 1 1 57 350 
347 1 2 60 5 12 171 12 5 60 2 1 346 
346 2 1 62 4 13 169 13 4 62 1 2 345 
346 67 2 13 169 13 2 67 345 
346 68 2 11 171 11 2 68 345 
339 2 3 71 1 12 169 12 1 71 3 2 338 
337 5 1 83 173 83 1 5 336 
338 4 1 83 173 83 1 4 337 
338 81 1 3 179 3 1 81 337 
338 82 185 82 337 
339 82 183 82 338 
339 83 181 83 338 
338 85 76 1 25 1 76 85 337 
295 1 39 89 75 1 25 1 75 89 39 1 294 
335 91 173 91 334 
336 89 175 89 335 
334 93 171 93 333 
324 4 6 93 1 2 165 2 1 93 6 4 323 
323 7 4 93 1 2 165 2 1 93 4 7 322 
322 8 3 96 82 3 82 96 3 8 321 
322 9 2 96 82 3 82 96 2 9 321 
321 10 2 96 79 1 1 5 1 1 79 96 2 10 320 
319 1 1 10 1 99 78 7 78 99 1 10 1 1 318 
319 12 1 99 76 11 76 99 1 12 318 
321 111 3 1 71 11 71 1 3 111 320 
322 110 2 4 7 1 61 11 61 1 7 4 2 110 321 
322 110 1 7 68 9 68 7 1 110 321 
322 7 1 110 66 13 66 110 1 7 321 
326 1 3 112 63 15 63 112 3 1 325 
329 111 65 15 65 111 328 
329 111 63 19 63 111 328 
328 106 1 3 40 1 23 21 23 1 40 3 1 106 327 
329 106 67 21 67 106 328 
327 108 67 21 67 108 326 
328 108 66 21 66 108 327 
328 108 66 21 66 108 327 
327 109 66 21 66 109 326 
326 110 67 19 67 110 325 
328 110 60 1 3 21 3 1 60 110 327 
328 109 64 23 64 109 327 
327 110 34 1 25 1 5 19 5 1 25 1 34 110 326 
328 109 58 2 1 1 2 23 2 1 1 2 58 109 327 
328 109 54 1 4 1 7 17 7 1 4 1 54 109 327 
328 109 2 1 52 1 1 1 3 2 5 15 5 2 3 1 1 1 52 1 2 109 327 
324 3 1 109 1 3 54 1 2 1 3 1 2 15 2 1 3 1 2 1 54 3 1 109 1 3 323 
324 118 36 1 5 1 5 1 3 2 1 1 1 27 1 1 1 2 3 1 5 1 5 1 36 118 323 
323 120 35 1 10 47 10 1 35 120 322 
323 118 36 2 6 1 2 49 2 1 6 2 36 118 322 
323 5 1 109 37 1 6 1 1 57 1 1 6 1 37 109 1 5 322 
325 1 3 109 40 1 3 61 3 1 40 109 3 1 324 
329 109 36 77 36 109 328 
329 109 35 79 35 109 328 
329 110 34 79 34 110 328 
329 109 36 77 36 109 328 
330 108 35 79 35 108 329 
330 108 36 77 36 108 329 
331 109 27 1 2 85 2 1 27 109 330 
329 112 25 93 25 112 328 
329 112 26 91 26 112 328 
329 2 2 105 23 1 2 97 2 1 23 105 2 2 328 
333 104 24 103 24 104 332 
334 104 21 1 1 103 1 1 21 104 333 
335 102 22 107 22 102 334 
334 103 21 109 21 103 333 
334 104 21 107 21 104 333 
337 99 1 2 17 113 17 2 1 99 336 
338 98 1 2 16 115 16 2 1 98 337 
338 98 16 121 16 98 337 
340 96 16 121 16 96 339 
340 1 1 93 17 121 17 93 1 1 339 
342 94 15 123 15 94 341 
346 91 12 127 12 91 345 
351 84 13 129 13 84 350 
349 86 11 133 11 86 348 
349 85 12 133 12 85 348 
347 87 11 135 11 87 346 
347 86 1 1 8 139 8 1 1 86 346 
347 86 9 141 9 86 346 
347 85 9 143 9 85 346 
348 85 7 145 7 85 347 
347 84 7 149 7 84 346 
345 1 1 84 7 149 7 84 1 1 344 
347 83 6 153 6 83 346 
348 81 7 153 7 81 347 
342 1 6 81 4 157 4 81 6 1 341 
342 1 7 78 5 159 5 78 7 1 341 
352 76 4 161 4 76 351 
353 1 1 72 1 1 2 163 2 1 1 72 1 1 352 
356 70 4 165 4 70 355 
358 68 3 167 3 68 357 
360 1 1 63 3 169 3 63 1 1 359 
343 1 19 61 2 173 2 61 19 1 342 
353 1 8 61 2 175 2 61 8 1 352 
364 59 1 177 1 59 363 
367 54 2 179 2 54 366 
369 52 1 181 1 52 368 
319 1 42 1 8 48 1 185 1 48 8 1 42 1 318 
361 1 11 45 1 187 1 45 11 1 360 
372 1 3 41 1 189 1 41 3 1 371 
355 1 3 1 1 1 4 1 6 1 4 269 4 1 6 1 4 1 1 1 3 1 354 
379 1 1 263 1 1 378 
358 1 23 261 23 1 357 
385 255 384 
331 1 16 1 1 1 6 1 6 1 11 1 7 257 7 1 11 1 6 1 6 1 1 1 16 1 330 
362 1 23 253 23 1 361 
339 1 39 1 3 2 3 249 3 2 3 1 39 1 338 
356 1 12 1 18 1 1 245 1 1 18 1 12 1 355 
341 1 9 1 32 1 2 1 1 1 1 243 1 1 1 1 2 1 32 1 9 1 340 
394 1 3 1 2 1 1 219 1 1 2 1 3 1 393 
382 1 3 1 6 1 1 1 1 1 3 223 3 1 1 1 1 1 6 1 3 1 381 
389 1 10 225 10 1 388 
363 1 34 229 34 1 362 
381 1 7 2 6 231 6 2 7 1 380 
386 1 3 1 5 233 5 1 3 1 385 
376 1 6 1 10 237 10 1 6 1 375 
304 1 10 1 26 1 51 237 51 1 26 1 10 1 303 
303 2 10 1 20 1 5 1 2 1 1 1 24 1 19 241 19 1 24 1 1 1 2 1 5 1 20 1 10 2 302 
303 2 18 1 23 1 43 243 43 1 23 1 18 2 302 
329 1 8 1 51 245 51 1 8 1 328 
328 2 36 1 20 251 20 1 36 2 327 
379 1 5 1 1 251 1 1 5 1 378 
314 1 71 253 71 1 313 
368 1 16 255 16 1 367 
383 259 382 
382 261 381 
357 1 6 1 15 265 15 1 6 1 356 
356 2 22 265 22 2 355 
350 1 29 265 29 1 349 
377 1 1 267 1 1 376 
362 1 14 271 14 1 361 
376 273 375 
373 1 2 273 2 1 372 
354 1 18 279 18 1 353 
373 279 372 
372 281 371 
371 283 370 
368 289 367 
367 3 1 283 1 3 366 
333 1 33 291 33 1 332 
367 291 366 
368 289 367 
366 293 365 
361 1 4 293 4 1 360 
361 303 360 
360 305 359 
361 303 360 
361 303 360 
360 305 359 
358 309 357 
358 2 1 303 1 2 357 
310 2 47 307 47 2 309 
311 1 47 307 47 1 310 
308 5 44 311 44 5 307 
308 5 38 323 38 5 307 
308 5 39 321 39 5 307 
309 2 40 323 40 2 308 
351 323 350 
351 323 350 
354 317 353 
353 319 352 
352 321 351 
348 1 2 2 1 317 1 2 2 1 347 
351 323 350 
350 2 1 319 1 2 349 
344 1 5 325 5 1 343 
350 325 349 
350 325 349 
283 2 64 327 64 2 282 
335 1 14 325 14 1 334 
337 2 3 2 5 327 5 2 3 2 336 
337 2 1 6 2 329 2 6 1 2 336 
339 7 2 329 2 7 338 
338 9 1 329 1 9 337 
338 9 1 329 1 9 337 
337 351 336 
332 1 4 351 4 1 331 
338 349 337 
341 343 340 
342 3 1 333 1 3 341 
342 341 341 
343 1 1 335 1 1 342 
343 339 342 
341 343 340 
343 339 342 
334 1 3 1 1 1 2 339 2 1 1 1 3 1 333 
334 1 7 341 7 1 333 
343 339 342 
341 343 340 
326 1 8 1 4 345 4 1 8 1 325 
337 351 336 
338 349 337 
338 349 337 
339 347 338 
339 347 338 
338 349 337 
337 351 336 
309 1 21 2 4 351 4 2 21 1 308 
337 351 336 
301 1 35 351 35 1 300 
338 349 337 
325 1 8 1 3 349 3 1 8 1 324 
325 1 3 2 7 349 7 2 3 1 324 
323 7 7 351 7 7 322 
316 2 3 12 4 351 4 12 3 2 315 
315 4 1 14 2 353 2 14 1 4 314 
315 19 3 351 3 19 314 
315 20 1 353 1 20 314 
316 19 1 353 1 19 315 
318 389 317 
318 389 317 
318 389 317 
318 389 317 
318 389 317 
318 389 317 
318 389 317 
320 385 319 
322 3 1 8 1 355 1 8 1 3 321 
335 355 334 
335 355 334 
334 357 333 
334 357 333 
334 357 333 
334 357 333 
334 357 333 
329 1 4 357 4 1 328 
327 1 6 357 6 1 326 
333 359 332 
332 361 331 
332 1 1 357 1 1 331 
333 359 332 
332 361 331 
330 365 329 
331 363 330 
331 1 1 359 1 1 330 
316 2 14 361 14 2 315 
316 3 13 361 13 3 315 
316 2 14 361 14 2 315 
332 361 331 
333 359 332 
332 361 331 
333 359 332 
328 3 2 359 2 3 327 
325 1 1 5 1 359 1 5 1 1 324 
325 375 324 
318 1 6 375 6 1 317 
326 373 325 
327 371 326 
328 1 4 359 4 1 327 
333 359 332 
331 1 1 359 1 1 330 
334 357 333 
333 359 332 
329 1 4 357 4 1 328 
333 359 332 
334 357 333 
326 1 6 359 6 1 325 
333 359 332 
331 2 1 357 1 2 330 
331 363 330 
330 365 329 
331 3 1 355 1 3 330 
332 1 1 357 1 1 331 
333 359 332 
334 357 333 
335 355 334 
335 355 334 
334 357 333 
333 359 332 
335 355 334 
335 355 334 
336 353 335 
335 355 334 
335 355 334 
336 353 335 
337 351 336 
336 353 335 
313 1 22 353 22 1 312 
338 349 337 
293 1 20 2 6 1 14 351 14 1 6 2 20 1 292 
314 3 5 2 14 349 14 2 5 3 313 
301 1 12 3 1 8 1 1 10 349 10 1 1 8 1 3 12 1 300 
303 1 10 17 8 347 8 17 10 1 302 
304 2 5 22 6 347 6 22 5 2 303 
302 5 2 26 4 347 4 26 2 5 301 
302 5 1 28 4 345 4 28 1 5 301 
302 5 1 29 3 345 3 29 1 5 301 
303 35 2 345 2 35 302 
306 33 2 343 2 33 305 
305 35 1 343 1 35 304 
304 417 303 
302 39 1 341 1 39 301 
303 419 302 
300 1 1 40 1 339 1 40 1 1 299 
300 425 299 
301 423 300 
301 423 300 
301 423 300 
300 44 1 335 1 44 299 
300 425 299 
300 425 299 
294 1 5 45 1 333 1 45 5 1 293 
292 6 2 45 1 333 1 45 2 6 291 
292 7 1 45 2 331 2 45 1 7 291 
291 54 2 331 2 54 290 
290 55 3 329 3 55 289 
291 55 2 329 2 55 290 
260 1 29 55 3 329 3 55 29 1 259 
260 2 28 10 1 44 4 327 4 44 1 10 28 2 259 
260 2 27 11 1 44 5 325 5 44 1 11 27 2 259 
289 2 1 7 2 44 5 325 5 44 2 7 1 2 288 
293 5 3 44 6 323 6 44 3 5 292 
283 1 10 1 7 43 5 325 5 43 7 1 10 1 282 
303 41 8 321 8 41 302 
303 40 8 323 8 40 302 
304 38 11 319 11 38 303 
304 38 11 319 11 38 303 
306 21 2 6 1 1 16 319 16 1 1 6 2 21 305 
278 1 27 20 4 1 2 1 2 1 2 1 13 1 1 315 1 1 13 1 2 1 2 1 2 1 4 20 27 1 277 
308 17 30 315 30 17 307 
308 16 32 313 32 16 307 
308 3 2 9 35 311 35 9 2 3 307 
308 3 3 1 2 1 37 315 37 1 2 1 3 3 307 
309 2 6 2 36 2 1 309 1 2 36 2 6 2 308 
309 1 49 307 49 1 308 
358 1 1 305 1 1 357 
360 305 359 
361 303 360 
275 1 84 1 1 301 1 1 84 1 274 
359 307 358 
359 307 358 
359 3 2 297 2 3 358 
364 297 363 
366 293 365 
365 295 364 
367 291 366 
367 291 366 
369 287 368 
370 285 369 
371 283 370 
367 291 366 
365 295 364 
366 7 1 138 1 138 1 7 365 
366 8 1 137 1 137 1 8 365 
366 8 1 137 1 137 1 8 365 
364 9 3 136 1 136 3 9 363 
364 2 1 4 7 133 3 133 7 4 1 2 363 
368 1 8 134 3 134 8 1 367 
380 130 5 130 379 
381 129 5 129 380 
380 130 5 130 379 
380 3 1 124 9 124 1 3 379 
379 3 3 123 9 123 3 3 378 
386 122 9 122 385 
386 120 13 120 385 
386 1 2 117 13 117 2 1 385 
389 1 1 113 17 113 1 1 388 
392 113 15 113 391 
393 110 19 110 392 
395 108 19 108 394 
396 107 19 107 395 
398 101 27 101 397 
392 107 27 107 391 
389 110 27 110 388 
389 14 1 92 33 92 1 14 388 
386 1 1 16 2 88 37 88 2 16 1 1 385 
386 19 3 86 37 86 3 19 385 
387 19 4 80 1 4 35 4 1 80 4 19 386 
386 20 5 77 3 3 37 3 3 77 5 20 385 
386 21 6 1 1 72 6 1 37 1 6 72 1 1 6 21 385 
383 2 1 21 10 67 57 67 10 21 1 2 382 
383 24 9 70 53 70 9 24 382 
384 1 1 21 9 1 7 55 3 4 53 4 3 55 7 1 9 21 1 1 383 
386 22 15 3 1 50 4 5 53 5 4 50 1 3 15 22 385 
386 21 15 5 3 42 4 1 5 3 55 3 5 1 4 42 3 5 15 21 385 
385 21 17 4 4 1 2 1 1 35 13 1 55 1 13 35 1 1 2 1 4 4 17 21 384 
387 19 17 2 16 17 3 1 4 6 81 6 4 1 3 17 16 2 17 19 386 
387 16 4 1 11 1 19 8 6 1 2 3 7 7 79 7 7 3 2 1 6 8 19 1 11 1 4 16 386 
388 14 36 10 9 1 7 7 81 7 7 1 9 10 36 14 387 
387 14 37 10 18 6 81 6 18 10 37 14 386 
386 15 36 12 17 6 81 6 17 12 36 15 385 
386 4 2 6 39 12 18 3 85 3 18 12 39 6 2 4 385 
386 4 7 1 39 12 19 2 85 2 19 12 39 1 7 4 385 
386 4 47 11 21 1 85 1 21 11 47 4 385 
387 1 48 11 131 11 48 1 386 
438 9 131 9 437 
440 6 133 6 439 
385 1 54 2 141 2 54 1 384 
440 3 139 3 439 
440 2 141 2 439 
1024 
374 1 275 1 373 
1024 
1024 
1024 
1024 
1024 
1024 
1024 
1024 
1024 
1024 
1024 
1024 
1024 
1024 
1024 
1024 
1024 
1024 
1024 
1024 
1024 
1024 
1024 
1024 
1024 
1024 
1024 
1024 
1024 
1024 
1024 
1024 
1024 
1024 
1024 
1024 
1024 
1024 
1024 
1024 
1024 
1024 
1024 
1024 
1024 
1024 
1024 
1024 
1024 
1024 
1024 
1024 
1024 
1024 
1024 
1024 
1024 
1024 
1024 
1024 
1024 
1024 
1024 
1024 
1024 
1024 
1024 
1024 
1024 
1024 
1024 
1024 
1024 
1024 
1024 
1024 
1024 
1024 
1024 
1024 
1024 
1024 
1024 
1024 
1024 
1024 
1024 
1024 
1024 
1024 
1024 
1024 
1024 
1024 
1024 
1024 
1024 
1024 
1024 
1024 
1024 
1024 
1024 
1024 
1024 
1024 
1024 
1024 
1024 
1024 
1024 
1024 
1024 
1024 
1024 
1024 
1024 
1024 
1024 
1024 
1024 
1024 
1024 
1024 
1024 
1024 
1024 
1024 
1024 
1024 
1024 
1024 
1024 
1024 
1024 
1024 
1024 
1024 
1024 
1024 
1024 
1024 
1024 
1024 
1024 
1024 
1024 
1024 
1024 
1024 
1024 
1024 
1024 
1024 
1024 
1024 
1024 
1024 
1024 
1024 
1024 
1024 
1024 
1024 
1024 
1024 
1024 
1024 
1024 
1024 
1024 
1024 
1024 
1024 
1024 
1024 
1024 
1024 
1024 
1024 
1024 
1024 
1024 
1024 
1024 
1024 
1024 
1024 
1024 
1024 
1024 
1024 
1024 
1024 
1024 
1024 
1024 
1024 
1024 
1024 
1024 
1024 
1024 
1024 
1024 
1024 
1024 
1024 
1024 
1024 
1024 
1024 
1024 
1024 
1024 
1024 
1024 
1024 
1024 
1024 
1024 
1024 
1024 
1024 
1024 
1024 
1024 
1024 
1024 
1024 
1024 
1024 
1024 
1024 
1024 
1024 
1024 
1024 
1024 
1024 
1024 
1024 
1024 
1024 
1024 
1024 
1024 
1024 
1024 
1024 
1024 
1024 
1024 
1024 
1024 
1024 
1024 
1024 
1024 
1024 
1024 
1024 
1024 
1024 
1024 
1024 
1024 
1024 
1024 
1024 
1024 
1024 
1024 
1024 
1024 
1024 
1024 
1024 
1024 
1024 
1024 
1024 
1024 
1024 
1024 
1024 
1024 
1024 
1024 
1024 
1024 
1024 
1024 
1024 
1024 
1024 
1024 
1024 
1024 
1024 
1024 
1024 
1024 
1024 
1024 
1024 
1024 
1024 
1024 
1024 
1024 
1024 
1024 
1024 
1024 
1024 
1024 
1024 
1024 
1024 
1024 
1024 
1024 
1024 
1024 
1024 
1024 
1024 
1024 
1024 
1024 
1024 
1024 
1024 
1024 
1024 
1024 
1024 
1024 
1024 
1024 
1024 
1024 
1024 
1024 
1024 
1024 
1024 
1024 
1024 
1024 
1024 
1024 
1024 
1024 
1024 
1024 
1024 
1024 
1024 
1024 
1024 
1024 
1024 
1024 
1024 
1024 
1024 
1024 
1024 
1024 
1024 
1024 
1024 
1024 
1024 
1024 
1024 
1024 
1024 
1024 
1024 
1024 
1024 
1024 
1024 
1024 
1024 
