1024 
1024 
1024 
1024 
1024 
1024 
1024 
1024 
1024 
1024 
1024 
1024 
1024 
1024 
1024 
1024 
1024 
1024 
1024 
1024 
1024 
1024 
1024 
1024 
1024 
1024 
476 1 71 1 475 
1024 
1024 
1024 
1024 
1024 
1024 
1024 
1024 
1024 
1024 
1024 
1024 
1024 
1024 
1024 
1024 
1024 
1024 
474 1 75 1 473 
1024 
1024 
1024 
1024 
1024 
1024 
1024 
1024 
1024 
1024 
1024 
1024 
1024 
1024 
1024 
1024 
1024 
1024 
1024 
1024 
477 2 67 2 476 
477 2 67 2 476 
476 3 67 3 475 
475 5 65 5 474 
474 8 61 8 473 
475 6 63 6 474 
475 5 65 5 474 
479 1 65 1 478 
1024 
1024 
1024 
1024 
1024 
1024 
1024 
1024 
1024 
1024 
1024 
1024 
1024 
1024 
1024 
1024 
1024 
1024 
1024 
1024 
1024 
1024 
1024 
1024 
1024 
1024 
1024 
1024 
479 1 65 1 478 
479 1 5 1 53 1 5 1 478 
1024 
1024 
1024 
1024 
1024 
1024 
1024 
1024 
1024 
1024 
1024 
1024 
1024 
1024 
1024 
1024 
1024 
1024 
1024 
1024 
1024 
1024 
1024 
1024 
1024 
1024 
1024 
1024 
1024 
1024 
1024 
1024 
1024 
1024 
475 1 6 1 2 2 51 2 2 1 6 1 474 
482 2 1 2 51 2 1 2 481 
1024 
1024 
1024 
1024 
1024 
1024 
483 1 57 1 482 
1024 
1024 
1024 
1024 
1024 
1024 
462 1 99 1 461 
1024 
495 1 33 1 494 
495 1 33 1 494 
1024 
483 4 51 4 482 
483 5 49 5 482 
481 8 47 8 480 
481 8 47 8 480 
481 8 47 8 480 
481 8 47 8 480 
482 6 49 6 481 
481 10 43 10 480 
478 15 39 15 477 
476 19 35 19 475 
476 19 1 1 31 1 1 19 475 
476 21 31 21 475 
475 22 1 4 21 4 1 22 474 
470 3 1 27 23 27 1 3 469 
470 31 23 31 469 
471 28 27 28 470 
472 28 25 28 471 
462 1 9 29 11 1 11 29 9 1 461 
472 29 10 3 10 29 471 
471 30 11 1 11 30 470 
471 31 7 1 1 3 1 1 7 31 470 
470 33 7 5 7 33 469 
469 32 9 5 9 32 468 
471 30 6 1 1 7 1 1 6 30 470 
471 30 7 9 7 30 470 
472 29 5 13 5 29 471 
470 30 7 11 7 30 469 
471 31 4 13 4 31 470 
472 28 1 1 2 1 1 13 1 1 2 1 1 28 471 
473 27 4 17 4 27 472 
474 25 4 19 4 25 473 
474 24 1 1 2 21 2 1 1 24 473 
475 22 3 25 3 22 474 
476 19 1 2 1 27 1 2 1 19 475 
477 17 3 31 3 17 476 
479 13 1 1 1 35 1 1 1 13 478 
482 61 481 
477 1 1 67 1 1 476 
471 1 1 1 1 75 1 1 1 1 470 
469 1 1 83 1 1 468 
402 1 61 2 1 91 1 2 61 1 401 
459 2 4 95 4 2 458 
458 3 2 99 2 3 457 
458 109 457 
459 107 458 
447 1 1 2 5 113 5 2 1 1 446 
447 5 4 113 4 5 446 
447 5 2 117 2 5 446 
447 5 1 119 1 5 446 
447 131 446 
450 125 449 
449 127 448 
448 129 447 
446 133 445 
442 2 1 135 1 2 441 
413 1 28 2 1 135 1 2 28 1 412 
443 139 442 
443 139 442 
427 2 13 141 13 2 426 
427 4 1 1 7 145 7 1 1 4 426 
425 8 7 145 7 8 424 
421 1 2 10 5 147 5 10 2 1 420 
420 3 1 11 3 149 3 11 1 3 419 
420 15 3 149 3 15 419 
421 15 1 151 1 15 420 
423 13 1 151 1 13 422 
422 181 421 
422 13 1 153 1 13 421 
423 179 422 
423 179 422 
423 1 1 175 1 1 422 
426 7 1 157 1 7 425 
429 1 3 159 3 1 428 
433 159 432 
432 161 431 
432 161 431 
431 163 430 
430 165 429 
431 163 430 
430 165 429 
429 167 428 
430 165 429 
429 167 428 
429 167 428 
427 171 426 
426 173 425 
427 1 1 167 1 1 426 
429 167 428 
428 169 427 
428 169 427 
427 171 426 
428 169 427 
427 171 426 
428 169 427 
428 169 427 
422 4 2 169 2 4 421 
421 6 1 169 1 6 420 
421 183 420 
421 183 420 
419 187 418 
417 1 1 8 1 169 1 8 1 1 416 
422 5 1 169 1 5 421 
422 3 3 169 3 3 421 
427 171 426 
428 169 427 
428 169 427 
429 167 428 
429 167 428 
428 169 427 
428 169 427 
429 167 428 
429 167 428 
430 165 429 
430 165 429 
430 165 429 
428 2 1 163 1 2 427 
427 171 426 
427 4 1 161 1 4 426 
422 1 3 5 1 161 1 5 3 1 421 
428 2 2 161 2 2 427 
433 159 432 
433 159 432 
433 159 432 
434 157 433 
435 155 434 
435 155 434 
435 155 434 
433 159 432 
434 157 433 
435 1 2 149 2 1 434 
439 147 438 
440 145 439 
440 145 439 
440 145 439 
440 145 439 
440 1 2 139 2 1 439 
444 137 443 
445 135 444 
444 2 1 131 1 2 443 
447 131 446 
449 127 448 
448 2 1 123 1 2 447 
452 121 451 
454 117 453 
454 1 1 113 1 1 453 
458 109 457 
461 103 460 
470 85 469 
468 89 467 
466 93 465 
462 101 461 
461 103 460 
456 1 1 109 1 1 455 
454 1 1 113 1 1 453 
453 1 1 115 1 1 452 
450 1 1 121 1 1 449 
450 125 449 
446 1 2 127 2 1 445 
446 133 445 
441 1 1 139 1 1 440 
441 143 440 
439 1 1 143 1 1 438 
433 2 2 1 1 147 1 1 2 2 432 
433 2 1 153 1 2 432 
434 157 433 
432 161 431 
423 1 8 161 8 1 422 
423 2 4 167 4 2 422 
423 3 2 169 2 3 422 
423 2 1 173 1 2 422 
423 179 422 
423 179 422 
422 181 421 
408 2 11 183 11 2 407 
409 2 9 185 9 2 408 
408 4 6 189 6 4 407 
407 5 4 193 4 5 406 
408 4 3 195 3 4 407 
409 2 1 201 1 2 408 
408 3 1 201 1 3 407 
408 209 407 
406 213 405 
406 213 405 
407 211 406 
384 1 22 211 22 1 383 
406 213 405 
385 1 18 217 18 1 384 
384 3 14 1 1 219 1 1 14 3 383 
385 5 11 223 11 5 384 
385 7 8 225 8 7 384 
384 9 6 227 6 9 383 
384 9 6 227 6 9 383 
383 10 4 231 4 10 382 
384 9 3 233 3 9 383 
385 7 1 1 2 233 2 1 1 7 384 
385 7 3 235 3 7 384 
382 10 2 237 2 10 381 
381 263 380 
382 10 1 239 1 10 381 
383 259 382 
384 257 383 
384 257 383 
385 255 384 
386 1 2 247 2 1 385 
388 249 387 
330 1 56 251 56 1 329 
385 255 384 
384 257 383 
382 261 381 
382 261 381 
376 1 5 261 5 1 375 
376 2 4 261 4 2 375 
376 3 1 265 1 3 375 
377 2 1 265 1 2 376 
375 275 374 
376 273 375 
377 271 376 
342 2 33 271 33 2 341 
343 1 31 1 1 271 1 1 31 1 342 
353 6 13 2 2 273 2 2 13 6 352 
351 9 13 1 1 275 1 1 13 9 350 
329 1 20 12 10 281 10 12 20 1 328 
351 12 11 277 11 12 350 
350 14 6 1 3 277 3 1 6 14 349 
349 15 6 1 1 281 1 1 6 15 348 
348 16 8 281 8 16 347 
346 19 7 281 7 19 345 
347 18 6 283 6 18 346 
347 5 1 12 6 283 6 12 1 5 346 
347 18 5 285 5 18 346 
346 20 4 285 4 20 345 
348 2 1 15 4 285 4 15 1 2 347 
350 17 2 287 2 17 349 
349 18 2 287 2 18 348 
348 19 1 289 1 19 347 
348 329 347 
349 327 348 
349 327 348 
349 327 348 
349 327 348 
348 329 347 
349 1 1 323 1 1 348 
351 323 350 
352 321 351 
352 10 1 299 1 10 351 
357 1 4 301 4 1 356 
362 301 361 
361 303 360 
361 303 360 
360 305 359 
358 309 357 
358 309 357 
359 307 358 
356 1 1 309 1 1 355 
356 313 355 
357 311 356 
356 313 355 
352 1 4 311 4 1 351 
352 3 1 313 1 3 351 
353 2 1 313 1 2 352 
352 321 351 
353 319 352 
354 317 353 
354 317 353 
352 1 1 317 1 1 351 
352 321 351 
353 319 352 
346 1 5 321 5 1 345 
341 1 2 5 4 319 4 5 2 1 340 
342 8 2 321 2 8 341 
343 7 2 321 2 7 342 
343 8 1 321 1 8 342 
343 339 342 
343 339 342 
344 337 343 
345 335 344 
343 1 2 4 1 323 1 4 2 1 342 
346 2 2 325 2 2 345 
350 325 349 
349 327 348 
348 329 347 
349 327 348 
347 331 346 
348 329 347 
348 329 347 
347 331 346 
347 331 346 
344 2 1 331 1 2 343 
342 4 1 331 1 4 341 
343 339 342 
344 337 343 
345 335 344 
347 331 346 
346 333 345 
346 333 345 
346 333 345 
346 333 345 
346 333 345 
342 341 341 
343 339 342 
313 1 31 335 31 1 312 
345 335 344 
345 335 344 
345 335 344 
343 1 1 335 1 1 342 
344 337 343 
345 335 344 
317 2 25 337 25 2 316 
316 3 7 1 17 337 17 1 7 3 315 
302 2 12 3 6 2 16 339 16 2 6 3 12 2 301 
303 3 6 1 1 12 18 337 18 12 1 1 6 3 302 
302 5 4 18 1 2 12 337 12 2 1 18 4 5 301 
301 6 2 23 11 339 11 23 2 6 300 
302 5 1 25 1 1 9 337 9 1 1 25 1 5 301 
302 33 8 339 8 33 301 
305 32 7 337 7 32 304 
304 33 6 339 6 33 303 
302 36 6 337 6 36 301 
302 37 5 337 5 37 301 
301 39 4 337 4 39 300 
301 40 3 337 3 40 300 
298 43 3 337 3 43 297 
298 44 2 337 2 44 297 
298 44 2 337 2 44 297 
298 45 1 337 1 45 297 
297 46 1 337 1 46 296 
247 1 50 45 1 337 1 45 50 1 246 
247 3 47 431 47 3 246 
247 3 47 431 47 3 246 
297 431 296 
297 431 296 
289 5 2 433 2 5 288 
287 8 1 433 1 8 286 
287 9 1 431 1 9 286 
286 10 1 431 1 10 285 
285 59 1 335 1 59 284 
286 58 1 335 1 58 285 
283 61 1 335 1 61 282 
283 61 1 335 1 61 282 
275 1 10 10 1 47 1 335 1 47 1 10 10 1 274 
287 9 2 46 1 335 1 46 2 9 286 
288 7 3 45 2 335 2 45 3 7 287 
288 1 1 1 7 45 2 335 2 45 7 1 1 1 287 
299 44 2 335 2 44 298 
299 43 3 335 3 43 298 
299 43 3 335 3 43 298 
299 42 5 333 5 42 298 
301 39 6 333 6 39 300 
302 38 6 333 6 38 301 
301 1 1 36 7 333 7 36 1 1 300 
300 1 2 35 8 333 8 35 2 1 299 
304 33 10 331 10 33 303 
305 31 10 333 10 31 304 
308 25 14 331 14 25 307 
307 25 15 331 15 25 306 
261 1 44 4 1 17 18 333 18 17 1 4 44 1 260 
306 5 2 11 2 1 21 329 21 1 2 11 2 5 305 
306 5 8 2 27 329 27 2 8 5 305 
307 3 9 3 26 329 26 3 9 3 306 
307 1 12 1 26 331 26 1 12 1 306 
347 331 346 
349 327 348 
349 327 348 
349 327 348 
350 325 349 
348 329 347 
347 3 1 323 1 3 346 
349 1 1 323 1 1 348 
351 323 350 
351 323 350 
352 321 351 
352 321 351 
352 321 351 
353 319 352 
350 325 349 
349 327 348 
348 329 347 
350 3 2 315 2 3 349 
346 1 8 315 8 1 345 
355 315 354 
356 313 355 
356 313 355 
355 315 354 
357 311 356 
357 311 356 
358 309 357 
358 309 357 
359 307 358 
360 305 359 
356 313 355 
353 319 352 
354 317 353 
352 321 351 
353 319 352 
353 9 1 299 1 9 352 
352 9 3 297 3 9 351 
351 10 3 297 3 10 350 
357 1 6 297 6 1 356 
365 295 364 
365 295 364 
365 295 364 
367 291 366 
368 289 367 
369 287 368 
366 293 365 
366 293 365 
366 4 1 283 1 4 365 
368 1 3 281 3 1 367 
372 281 371 
373 279 372 
372 281 371 
372 2 1 275 1 2 371 
376 273 375 
375 275 374 
377 271 376 
378 269 377 
379 267 378 
380 265 379 
381 263 380 
382 261 381 
383 129 1 129 382 
375 8 1 128 1 128 1 8 374 
373 139 1 139 372 
372 140 1 140 371 
369 142 3 142 368 
370 18 1 122 3 122 1 18 369 
370 19 1 120 5 120 1 19 369 
369 21 1 119 5 119 1 21 368 
369 21 2 117 7 117 2 21 368 
366 2 1 21 3 115 9 115 3 21 1 2 365 
365 26 4 113 9 113 4 26 364 
366 25 5 112 9 112 5 25 365 
368 23 5 110 13 110 5 23 367 
368 23 8 106 15 106 8 23 367 
368 23 7 107 15 107 7 23 367 
368 23 10 102 19 102 10 23 367 
369 21 12 100 21 100 12 21 368 
370 19 13 2 1 96 1 1 19 1 1 96 1 2 13 19 369 
370 19 17 94 25 94 17 19 369 
371 17 19 93 25 93 19 17 370 
370 16 24 88 1 1 25 1 1 88 24 16 369 
368 18 22 88 33 88 22 18 367 
368 6 1 8 24 5 2 81 35 81 2 5 24 8 1 6 367 
368 6 4 1 3 2 24 4 4 80 33 80 4 4 24 2 3 1 4 6 367 
369 4 9 1 26 2 6 1 1 72 3 2 33 2 3 72 1 1 6 2 26 1 9 4 368 
369 4 35 1 8 1 3 68 47 68 3 1 8 1 35 4 368 
423 63 1 2 47 2 1 63 422 
426 58 2 4 45 4 2 58 425 
404 1 23 1 1 51 1 1 3 3 47 3 3 1 1 51 1 1 23 1 403 
425 53 10 1 47 1 10 53 424 
425 9 2 43 67 43 2 9 424 
352 1 71 10 7 1 1 26 2 1 2 5 67 5 2 1 2 26 1 1 7 10 71 1 351 
351 1 71 12 6 1 3 4 2 1 1 2 1 1 1 2 5 1 2 1 5 6 65 6 5 1 2 1 5 2 1 1 1 2 1 1 2 4 3 1 6 12 71 1 350 
423 12 10 3 8 6 13 4 67 4 13 6 8 3 10 12 422 
423 12 11 1 9 6 15 1 69 1 15 6 9 1 11 12 422 
423 12 20 8 99 8 20 12 422 
422 13 20 8 99 8 20 13 421 
424 11 21 7 99 7 21 11 423 
425 9 21 1 1 5 101 5 1 1 21 9 424 
426 6 1 1 25 1 105 1 25 1 1 6 425 
427 2 30 2 103 2 30 2 426 
426 4 165 4 425 
426 3 167 3 425 
1024 
1024 
1024 
456 1 111 1 455 
1024 
1024 
1024 
419 2 183 2 418 
1024 
1024 
1024 
1024 
1024 
1024 
1024 
1024 
1024 
1024 
1024 
1024 
1024 
1024 
1024 
1024 
1024 
1024 
1024 
1024 
1024 
1024 
1024 
1024 
1024 
1024 
1024 
1024 
1024 
1024 
1024 
1024 
1024 
1024 
1024 
1024 
1024 
1024 
1024 
1024 
1024 
1024 
1024 
1024 
1024 
1024 
1024 
1024 
1024 
1024 
1024 
1024 
1024 
1024 
1024 
1024 
1024 
1024 
1024 
1024 
1024 
1024 
1024 
1024 
1024 
1024 
1024 
1024 
1024 
1024 
1024 
1024 
1024 
1024 
1024 
1024 
1024 
1024 
1024 
1024 
1024 
1024 
1024 
1024 
1024 
1024 
1024 
1024 
1024 
1024 
1024 
1024 
1024 
1024 
1024 
1024 
1024 
1024 
1024 
1024 
1024 
1024 
1024 
1024 
1024 
1024 
1024 
1024 
1024 
1024 
1024 
1024 
1024 
1024 
1024 
1024 
1024 
1024 
1024 
1024 
1024 
1024 
1024 
1024 
1024 
1024 
1024 
1024 
1024 
1024 
1024 
1024 
1024 
1024 
1024 
1024 
1024 
1024 
1024 
1024 
1024 
1024 
1024 
1024 
1024 
1024 
1024 
1024 
1024 
1024 
1024 
1024 
1024 
1024 
1024 
1024 
1024 
1024 
1024 
1024 
1024 
1024 
1024 
1024 
1024 
1024 
1024 
1024 
1024 
1024 
1024 
1024 
1024 
1024 
1024 
1024 
1024 
1024 
1024 
1024 
1024 
1024 
1024 
1024 
1024 
1024 
1024 
1024 
1024 
1024 
1024 
1024 
1024 
1024 
1024 
1024 
1024 
1024 
1024 
1024 
1024 
1024 
1024 
1024 
1024 
1024 
1024 
1024 
1024 
1024 
1024 
1024 
1024 
1024 
1024 
1024 
1024 
1024 
1024 
1024 
1024 
1024 
1024 
1024 
1024 
1024 
1024 
1024 
1024 
1024 
1024 
1024 
1024 
1024 
1024 
1024 
1024 
1024 
1024 
1024 
1024 
1024 
1024 
1024 
1024 
1024 
1024 
1024 
1024 
1024 
1024 
1024 
1024 
1024 
1024 
1024 
1024 
1024 
1024 
1024 
1024 
1024 
1024 
1024 
1024 
1024 
1024 
1024 
1024 
1024 
1024 
1024 
1024 
1024 
1024 
1024 
1024 
1024 
1024 
1024 
1024 
1024 
1024 
1024 
1024 
1024 
1024 
1024 
1024 
1024 
1024 
1024 
1024 
1024 
1024 
1024 
1024 
1024 
1024 
1024 
1024 
1024 
1024 
1024 
1024 
1024 
1024 
1024 
1024 
1024 
1024 
1024 
1024 
1024 
1024 
1024 
1024 
1024 
1024 
1024 
1024 
1024 
1024 
1024 
1024 
1024 
1024 
1024 
1024 
1024 
1024 
1024 
1024 
1024 
1024 
1024 
1024 
1024 
1024 
1024 
1024 
1024 
1024 
1024 
1024 
1024 
1024 
1024 
1024 
1024 
1024 
1024 
1024 
1024 
1024 
1024 
1024 
1024 
1024 
1024 
1024 
1024 
1024 
1024 
1024 
1024 
1024 
1024 
1024 
1024 
1024 
1024 
1024 
1024 
1024 
1024 
1024 
1024 
1024 
1024 
1024 
1024 
1024 
1024 
1024 
1024 
1024 
1024 
1024 
1024 
1024 
1024 
1024 
1024 
1024 
