1024 
1024 
1024 
1024 
1024 
1024 
1024 
1024 
1024 
1024 
1024 
1024 
1024 
1024 
1024 
1024 
1024 
1024 
1024 
1024 
1024 
1024 
1024 
1024 
1024 
1024 
1024 
1024 
1024 
1024 
1024 
1024 
1024 
1024 
1024 
1024 
1024 
1024 
1024 
1024 
1024 
1024 
1024 
1024 
1024 
1024 
1024 
1024 
1024 
1024 
1024 
1024 
1024 
1024 
1024 
1024 
1024 
1024 
1024 
1024 
1024 
1024 
1024 
1024 
1024 
1024 
1024 
1024 
1024 
1024 
1024 
1024 
1024 
1024 
1024 
1024 
1024 
1024 
1024 
1024 
1024 
1024 
1024 
1024 
1024 
1024 
1024 
1024 
1024 
1024 
1024 
1024 
1024 
1024 
1024 
1024 
1024 
1024 
1024 
1024 
1024 
1024 
1024 
1024 
1024 
1024 
1024 
1024 
1024 
1024 
1024 
1024 
1024 
1024 
1024 
1024 
1024 
1024 
1024 
1024 
1024 
1024 
1024 
1024 
1024 
1024 
1024 
1024 
1024 
1024 
1024 
1024 
1024 
1024 
1024 
1024 
1024 
1024 
1024 
1024 
1024 
1024 
1024 
1024 
1024 
1024 
1024 
1024 
1024 
1024 
1024 
1024 
1024 
1024 
1024 
1024 
1024 
1024 
1024 
1024 
1024 
1024 
1024 
1024 
1024 
1024 
1024 
1024 
1024 
1024 
1024 
1024 
1024 
1024 
1024 
1024 
1024 
1024 
1024 
1024 
1024 
1024 
1024 
1024 
1024 
1024 
1024 
1024 
1024 
1024 
1024 
1024 
1024 
1024 
1024 
1024 
252 1 519 1 251 
1024 
1024 
1024 
1024 
1024 
1024 
1024 
1024 
1024 
1024 
1024 
1024 
1024 
1024 
1024 
1024 
1024 
1024 
1024 
1024 
1024 
1024 
258 2 505 2 257 
257 1 1 1 505 1 1 1 256 
255 5 505 5 254 
256 5 503 5 255 
256 6 501 6 255 
256 5 503 5 255 
257 2 507 2 256 
1024 
1024 
1024 
1024 
1024 
1024 
1024 
1024 
1024 
1024 
300 1 423 1 299 
1024 
1024 
246 1 531 1 245 
1024 
1024 
267 1 489 1 266 
267 1 489 1 266 
1024 
1024 
1024 
1024 
1024 
1024 
1024 
1024 
304 2 413 2 303 
1024 
1024 
288 1 447 1 287 
1024 
1024 
284 2 453 2 283 
1024 
467 1 89 1 466 
360 1 303 1 359 
1024 
305 1 413 1 304 
305 3 409 3 304 
304 4 409 4 303 
304 5 407 5 303 
300 2 3 3 409 3 3 2 299 
291 1 6 9 11 1 387 1 11 9 6 1 290 
290 4 3 12 407 12 3 4 289 
290 4 2 16 401 16 2 4 289 
290 4 1 17 401 17 1 4 289 
291 22 1 2 393 2 1 22 290 
290 1 2 23 393 23 2 1 289 
292 23 52 1 289 1 52 23 291 
292 23 395 23 291 
291 24 155 3 24 1 29 1 24 3 155 24 290 
290 25 43 1 111 3 29 1 1 2 13 2 1 1 29 3 111 1 43 25 289 
291 24 1 1 154 4 25 2 1 5 1 1 5 1 1 5 1 2 25 4 154 1 1 24 290 
291 25 153 8 13 1 5 2 4 1 2 5 5 5 2 1 4 2 5 1 13 8 153 25 290 
291 25 151 9 13 1 2 1 1 1 1 16 1 16 1 1 1 1 2 1 13 9 151 25 290 
288 27 152 10 11 5 2 1 1 31 1 1 2 5 11 10 152 27 287 
289 27 21 1 27 1 102 9 11 2 2 41 2 2 11 9 102 1 27 1 21 27 288 
291 24 152 9 8 2 1 51 1 2 8 9 152 24 290 
291 24 41 2 110 8 3 1 1 1 3 55 3 1 1 1 3 8 110 2 41 24 290 
292 23 19 1 19 3 112 7 2 1 1 1 1 6 1 47 1 6 1 1 1 1 2 7 112 3 19 1 19 23 291 
293 21 13 1 5 4 14 1 1 4 113 4 2 3 1 1 2 59 2 1 1 3 2 4 113 4 1 1 14 4 5 1 13 21 292 
292 21 5 1 3 1 2 3 5 4 14 8 109 1 1 3 1 4 1 1 1 63 1 1 1 4 1 3 1 1 109 8 14 4 5 3 2 1 3 1 5 21 291 
294 19 6 1 2 2 2 2 5 4 14 9 1 2 98 1 3 1 6 2 1 75 1 2 6 1 3 1 98 2 1 9 14 4 5 2 2 2 2 1 6 19 293 
294 17 4 21 14 13 103 1 1 1 2 3 1 75 1 3 2 1 1 1 103 13 14 21 4 17 293 
296 14 1 29 1 2 7 11 86 2 15 1 2 2 1 85 1 2 2 1 15 2 86 11 7 2 1 29 1 14 295 
298 43 1 1 7 12 85 2 17 5 1 1 1 77 1 1 1 5 17 2 85 12 7 1 1 43 297 
302 2 1 41 4 12 105 91 105 12 4 41 1 2 301 
303 44 3 11 102 99 102 11 3 44 302 
301 48 2 11 102 97 102 11 2 48 300 
299 61 99 107 99 61 298 
296 63 103 1 1 97 1 1 103 63 295 
296 58 1 2 97 1 2 111 2 1 97 2 1 58 295 
293 63 100 3 1 105 1 3 100 63 292 
290 1 2 64 97 117 97 64 2 1 289 
290 69 94 1 2 113 2 1 94 69 289 
290 70 93 3 1 111 1 3 93 70 289 
289 73 85 1 1 1 3 119 3 1 1 1 85 73 288 
284 2 3 74 1 1 82 2 2 123 2 2 82 1 1 74 3 2 283 
283 3 2 75 1 2 84 2 1 119 1 2 84 2 1 75 2 3 282 
283 83 83 127 83 83 282 
283 82 82 131 82 82 282 
286 80 80 133 80 80 285 
284 83 5 3 71 133 71 3 5 83 283 
281 1 1 85 3 3 67 1 1 2 1 133 1 2 1 1 67 3 3 85 1 1 280 
282 87 1 6 65 143 65 6 1 87 281 
281 88 1 7 63 145 63 7 1 88 280 
282 96 59 1 1 147 1 1 59 96 281 
274 1 7 95 51 1 7 153 7 1 51 95 7 1 273 
271 6 4 95 51 4 3 157 3 4 51 95 4 6 270 
271 7 2 92 2 1 52 3 4 157 4 3 52 1 2 92 2 7 270 
248 1 22 7 2 93 51 1 3 3 1 161 1 3 3 1 51 93 2 7 22 1 247 
270 9 1 93 45 1 8 1 2 165 2 1 8 1 45 93 1 9 269 
270 104 52 1 1 169 1 1 52 104 269 
270 104 52 173 52 104 269 
268 108 49 175 49 108 267 
269 107 47 1 1 175 1 1 47 107 268 
271 6 1 98 47 179 47 98 1 6 270 
273 3 2 98 46 1 1 177 1 1 46 98 2 3 272 
278 99 1 2 42 181 42 2 1 99 277 
277 100 1 3 42 179 42 3 1 100 276 
277 104 40 183 40 104 276 
276 106 38 185 38 106 275 
277 104 38 1 1 183 1 1 38 104 276 
274 1 2 101 40 189 40 101 2 1 273 
275 103 39 1 1 187 1 1 39 103 274 
277 102 32 1 1 1 3 191 3 1 1 1 32 102 276 
276 104 31 1 3 195 3 1 31 104 275 
276 103 32 1 1 199 1 1 32 103 275 
277 103 30 205 30 103 276 
277 103 1 1 28 205 28 1 1 103 276 
274 108 27 207 27 108 273 
274 109 24 1 1 207 1 1 24 109 273 
273 107 1 1 26 209 26 1 1 107 272 
273 4 1 102 27 211 27 102 1 4 272 
273 3 2 102 27 211 27 102 2 3 272 
278 103 26 211 26 103 277 
278 103 17 1 3 221 3 1 17 103 277 
278 102 1 1 20 221 20 1 1 102 277 
279 104 18 223 18 104 278 
279 104 17 225 17 104 278 
278 103 19 225 19 103 277 
278 2 1 100 19 225 19 100 1 2 277 
278 2 1 100 17 1 1 225 1 1 17 100 1 2 277 
281 100 15 1 1 229 1 1 15 100 280 
282 100 13 235 13 100 281 
282 98 15 235 15 98 281 
282 1 1 97 14 235 14 97 1 1 281 
285 95 13 1 1 235 1 1 13 95 284 
286 95 11 241 11 95 285 
288 92 11 243 11 92 287 
288 92 11 243 11 92 287 
291 89 10 245 10 89 290 
293 86 1 1 7 1 1 245 1 1 7 1 1 86 292 
292 87 9 249 9 87 291 
291 89 9 247 9 89 290 
290 89 7 253 7 89 289 
289 89 8 253 8 89 288 
288 90 8 253 8 90 287 
288 90 6 257 6 90 287 
288 89 5 261 5 89 287 
288 90 5 259 5 90 287 
289 88 4 263 4 88 288 
288 88 4 265 4 88 287 
288 88 3 267 3 88 287 
288 88 3 267 3 88 287 
289 86 3 269 3 86 288 
289 86 2 271 2 86 288 
284 1 5 84 2 273 2 84 5 1 283 
287 1 2 84 2 273 2 84 2 1 286 
287 1 2 83 1 277 1 83 2 1 286 
266 1 24 1 1 80 1 277 1 80 1 1 24 1 265 
295 77 1 279 1 77 294 
286 1 9 1 1 73 1 281 1 73 1 1 9 1 285 
293 1 6 425 6 1 292 
287 1 15 2 2 411 2 2 15 1 286 
286 1 20 411 20 1 285 
307 61 1 287 1 61 306 
307 411 306 
307 411 306 
309 2 1 401 1 2 308 
308 1 6 395 6 1 307 
277 1 39 391 39 1 276 
317 2 1 385 1 2 316 
322 40 1 299 1 40 321 
325 36 1 301 1 36 324 
327 33 1 303 1 33 326 
328 30 2 305 2 30 327 
257 1 71 28 2 307 2 28 71 1 256 
256 2 34 1 37 25 3 309 3 25 37 1 34 2 255 
332 21 1 1 3 309 3 1 1 21 331 
334 17 6 311 6 17 333 
302 1 28 1 3 13 2 1 5 313 5 1 2 13 3 1 28 1 301 
247 2 92 1 2 1 1 1 9 313 9 1 1 1 2 1 92 2 246 
355 315 354 
344 1 8 319 8 1 343 
306 1 17 1 16 1 7 1 3 319 3 1 7 1 16 1 17 1 305 
353 319 352 
279 1 72 321 72 1 278 
352 321 351 
281 2 49 1 18 323 18 1 49 2 280 
350 325 349 
325 1 15 1 6 1 1 325 1 1 6 1 15 1 324 
347 1 1 327 1 1 346 
338 1 7 1 1 329 1 1 7 1 337 
276 1 56 1 14 329 14 1 56 1 275 
314 1 2 1 28 333 28 1 2 1 313 
334 1 11 333 11 1 333 
346 333 345 
344 1 1 333 1 1 343 
344 337 343 
308 1 19 1 16 335 16 1 19 1 307 
318 1 25 337 25 1 317 
298 1 5 1 36 343 36 1 5 1 297 
341 343 340 
343 339 342 
292 1 12 2 13 1 21 341 21 1 13 2 12 1 291 
320 1 20 343 20 1 319 
338 1 2 343 2 1 337 
338 2 1 343 1 2 337 
338 349 337 
340 345 339 
286 1 52 347 52 1 285 
285 2 52 347 52 2 284 
285 3 19 1 30 349 30 1 19 3 284 
338 349 337 
334 3 1 349 1 3 333 
333 359 332 
334 357 333 
336 353 335 
336 353 335 
336 353 335 
336 353 335 
334 357 333 
326 1 7 357 7 1 325 
263 1 70 357 70 1 262 
261 2 64 2 5 357 5 2 64 2 260 
261 2 65 4 2 357 2 4 65 2 260 
328 369 327 
327 371 326 
241 2 85 369 85 2 240 
241 1 88 365 88 1 240 
240 5 88 359 88 5 239 
239 6 87 361 87 6 238 
240 5 82 1 4 361 4 1 82 5 239 
241 2 88 363 88 2 240 
331 363 330 
331 363 330 
329 367 328 
331 363 330 
317 1 12 365 12 1 316 
316 1 12 367 12 1 315 
330 365 329 
317 1 2 1 3 1 4 367 4 1 3 1 2 1 316 
319 2 1 5 2 367 2 5 1 2 318 
319 9 1 367 1 9 318 
320 8 1 367 1 8 319 
320 385 319 
320 385 319 
321 383 320 
323 379 322 
324 377 323 
328 369 327 
328 369 327 
328 369 327 
326 1 1 369 1 1 325 
317 1 10 369 10 1 316 
320 1 7 369 7 1 319 
326 373 325 
327 371 326 
327 371 326 
327 371 326 
323 379 322 
324 377 323 
325 375 324 
182 1 144 371 144 1 181 
324 377 323 
326 373 325 
327 371 326 
325 375 324 
326 373 325 
326 373 325 
326 373 325 
326 373 325 
315 2 2 1 6 373 6 1 2 2 314 
294 1 20 6 5 373 5 6 20 1 293 
313 11 3 371 3 11 312 
308 2 2 13 2 371 2 13 2 2 307 
307 18 1 373 1 18 306 
306 20 1 371 1 20 305 
307 19 1 371 1 19 306 
310 405 309 
310 405 309 
310 405 309 
310 405 309 
299 1 11 403 11 1 298 
310 405 309 
312 14 1 371 1 14 311 
314 1 1 10 1 371 1 10 1 1 313 
318 7 2 371 2 7 317 
327 371 326 
327 371 326 
328 369 327 
327 371 326 
317 1 10 369 10 1 316 
327 371 326 
327 371 326 
328 369 327 
328 369 327 
329 367 328 
327 371 326 
326 373 325 
309 1 18 369 18 1 308 
309 2 18 367 18 2 308 
326 2 1 367 1 2 325 
329 367 328 
330 365 329 
330 365 329 
330 365 329 
326 1 3 365 3 1 325 
326 4 1 363 1 4 325 
323 379 322 
323 379 322 
325 375 324 
325 6 1 361 1 6 324 
328 2 2 361 2 2 327 
332 361 331 
332 361 331 
333 359 332 
332 361 331 
334 357 333 
325 1 8 357 8 1 324 
334 357 333 
335 355 334 
332 361 331 
331 363 330 
332 3 1 353 1 3 331 
336 353 335 
336 353 335 
333 1 3 351 3 1 332 
337 351 336 
336 353 335 
336 353 335 
338 349 337 
338 349 337 
339 347 338 
338 349 337 
340 345 339 
341 343 340 
340 345 339 
341 343 340 
341 343 340 
341 343 340 
328 2 13 339 13 2 327 
321 3 4 2 2 2 10 337 10 2 2 2 4 3 320 
321 16 7 337 7 16 320 
323 17 5 335 5 17 322 
312 1 7 22 3 335 3 22 7 1 311 
307 1 4 3 4 24 3 333 3 24 4 3 4 1 306 
310 5 3 27 1 333 1 27 3 5 309 
311 35 1 331 1 35 310 
311 36 1 329 1 36 310 
312 2 1 395 1 2 311 
314 397 313 
313 399 312 
312 401 311 
312 401 311 
310 405 309 
309 407 308 
311 41 1 319 1 41 310 
310 405 309 
309 44 1 317 1 44 308 
310 43 1 317 1 43 309 
310 43 3 313 3 43 309 
310 44 2 313 2 44 309 
303 4 3 44 3 311 3 44 3 4 302 
302 7 1 44 3 311 3 44 1 7 301 
301 53 5 307 5 53 300 
302 52 6 305 6 52 301 
302 52 6 305 6 52 301 
301 9 1 43 6 305 6 43 1 9 300 
301 9 1 42 9 301 9 42 1 9 300 
302 8 1 42 9 301 9 42 1 8 301 
301 8 2 42 9 1 1 297 1 1 9 42 2 8 300 
276 2 23 1 2 3 5 41 11 297 11 41 5 3 2 1 23 2 275 
276 2 27 1 6 40 14 293 14 40 6 1 27 2 275 
276 2 36 37 14 295 14 37 36 2 275 
314 35 15 3 1 144 1 144 1 3 15 35 313 
315 35 19 143 1 143 19 35 314 
317 15 1 14 1 2 20 142 1 142 20 2 1 14 1 15 316 
318 14 2 6 2 1 28 141 1 141 28 1 2 6 2 14 317 
317 13 40 141 3 141 40 13 316 
317 3 2 1 2 1 2 1 40 142 3 142 40 1 2 1 2 1 2 3 316 
317 2 6 1 40 1 1 5 1 136 5 136 1 5 1 1 40 1 6 2 316 
318 1 51 2 2 136 5 136 2 2 51 1 317 
376 133 7 133 375 
375 2 1 130 1 1 5 1 1 130 1 2 374 
378 131 7 131 377 
380 128 9 128 379 
314 1 67 124 13 124 67 1 313 
291 1 86 128 13 128 86 1 290 
378 128 13 128 377 
377 127 17 127 376 
377 8 1 118 17 118 1 8 376 
377 8 4 113 21 113 4 8 376 
376 8 5 112 23 112 5 8 375 
379 2 11 109 23 109 11 2 378 
392 107 1 1 23 1 1 107 391 
391 3 1 102 31 102 1 3 390 
391 3 3 99 33 99 3 3 390 
397 100 31 100 396 
397 1 3 92 1 3 31 3 1 92 3 1 396 
403 89 3 1 33 1 3 89 402 
404 86 45 86 403 
407 81 49 81 406 
410 80 45 80 409 
405 79 2 4 45 4 2 79 404 
403 11 1 67 4 3 47 3 4 67 1 11 402 
401 15 2 60 1 1 1 1 5 1 49 1 5 1 1 1 1 60 2 15 400 
400 17 3 1 1 54 73 54 1 1 3 17 399 
399 19 6 48 1 4 71 4 1 48 6 19 398 
399 19 9 2 1 39 3 6 69 6 3 39 1 2 9 19 398 
399 20 8 2 5 2 1 26 1 2 6 7 67 7 6 2 1 26 1 2 5 2 8 20 398 
396 1 2 20 14 4 3 2 3 1 1 1 2 4 4 1 1 1 3 1 6 8 67 8 6 1 3 1 1 1 4 4 2 1 1 1 3 2 3 4 14 20 2 1 395 
397 22 14 4 3 1 7 8 8 1 7 5 1 1 67 1 1 5 7 1 8 8 7 1 3 4 14 22 396 
396 24 13 2 12 10 16 3 73 3 16 10 12 2 13 24 395 
398 22 27 11 16 2 73 2 16 11 27 22 397 
398 20 29 11 109 11 29 20 397 
399 19 28 12 109 12 28 19 398 
399 19 28 11 111 11 28 19 398 
400 18 28 11 111 11 28 18 399 
400 12 3 1 31 8 115 8 31 1 3 12 399 
399 13 36 6 117 6 36 13 398 
399 3 1 8 39 3 119 3 39 8 1 3 398 
399 4 1 5 40 2 123 2 40 5 1 4 398 
399 4 5 1 40 2 123 2 40 1 5 4 398 
399 3 221 3 398 
400 1 223 1 399 
1024 
1024 
1024 
445 2 131 2 444 
1024 
389 2 243 2 388 
389 2 243 2 388 
1024 
1024 
1024 
1024 
1024 
1024 
1024 
1024 
1024 
1024 
1024 
1024 
1024 
1024 
1024 
1024 
1024 
1024 
1024 
1024 
1024 
1024 
1024 
1024 
1024 
1024 
1024 
1024 
1024 
1024 
1024 
1024 
1024 
1024 
1024 
1024 
1024 
1024 
1024 
1024 
1024 
1024 
1024 
1024 
1024 
1024 
1024 
1024 
1024 
1024 
1024 
1024 
1024 
1024 
1024 
1024 
1024 
1024 
1024 
1024 
1024 
1024 
1024 
1024 
1024 
1024 
1024 
1024 
1024 
1024 
1024 
1024 
1024 
1024 
1024 
1024 
1024 
1024 
1024 
1024 
1024 
1024 
1024 
1024 
1024 
1024 
1024 
1024 
1024 
1024 
1024 
1024 
1024 
1024 
1024 
1024 
1024 
1024 
1024 
1024 
1024 
1024 
1024 
1024 
1024 
1024 
1024 
1024 
1024 
1024 
1024 
1024 
1024 
1024 
1024 
1024 
1024 
1024 
1024 
1024 
1024 
1024 
1024 
1024 
1024 
1024 
1024 
1024 
1024 
1024 
1024 
1024 
1024 
1024 
1024 
1024 
1024 
1024 
1024 
1024 
1024 
1024 
1024 
1024 
1024 
1024 
1024 
1024 
1024 
1024 
1024 
1024 
1024 
1024 
1024 
1024 
1024 
1024 
1024 
1024 
1024 
1024 
1024 
1024 
1024 
1024 
1024 
1024 
1024 
1024 
1024 
1024 
1024 
1024 
1024 
1024 
1024 
1024 
1024 
1024 
1024 
1024 
1024 
1024 
1024 
1024 
1024 
1024 
1024 
1024 
1024 
1024 
1024 
1024 
1024 
1024 
1024 
1024 
1024 
1024 
1024 
1024 
1024 
1024 
1024 
1024 
1024 
1024 
1024 
1024 
1024 
1024 
1024 
1024 
1024 
1024 
1024 
1024 
1024 
1024 
1024 
1024 
1024 
1024 
1024 
1024 
1024 
1024 
1024 
1024 
1024 
1024 
1024 
1024 
1024 
1024 
1024 
1024 
1024 
1024 
1024 
1024 
1024 
1024 
1024 
1024 
1024 
1024 
1024 
1024 
1024 
1024 
1024 
1024 
1024 
1024 
1024 
1024 
1024 
1024 
1024 
1024 
1024 
1024 
1024 
1024 
1024 
1024 
1024 
1024 
1024 
1024 
1024 
1024 
1024 
1024 
1024 
1024 
1024 
1024 
1024 
1024 
1024 
1024 
1024 
1024 
1024 
1024 
1024 
1024 
1024 
1024 
1024 
1024 
1024 
1024 
1024 
1024 
1024 
1024 
1024 
1024 
1024 
1024 
1024 
1024 
1024 
1024 
1024 
1024 
1024 
1024 
1024 
1024 
1024 
1024 
1024 
1024 
1024 
1024 
1024 
1024 
1024 
1024 
1024 
1024 
1024 
1024 
1024 
1024 
1024 
1024 
1024 
1024 
1024 
1024 
1024 
1024 
1024 
1024 
1024 
1024 
1024 
1024 
1024 
1024 
1024 
1024 
1024 
1024 
1024 
1024 
1024 
1024 
1024 
1024 
1024 
1024 
1024 
1024 
1024 
1024 
1024 
1024 
1024 
1024 
1024 
1024 
1024 
1024 
1024 
1024 
1024 
1024 
