1024 
1024 
1024 
1024 
1024 
1024 
1024 
1024 
1024 
1024 
1024 
1024 
1024 
1024 
1024 
1024 
1024 
1024 
1024 
1024 
1024 
1024 
1024 
1024 
1024 
1024 
1024 
1024 
1024 
1024 
1024 
1024 
1024 
1024 
1024 
1024 
1024 
1024 
1024 
1024 
1024 
1024 
1024 
1024 
1024 
1024 
1024 
1024 
1024 
1024 
1024 
1024 
1024 
1024 
1024 
1024 
1024 
1024 
1024 
1024 
1024 
1024 
1024 
1024 
1024 
1024 
1024 
1024 
1024 
1024 
1024 
1024 
1024 
1024 
1024 
1024 
1024 
1024 
1024 
1024 
1024 
1024 
1024 
1024 
1024 
1024 
1024 
1024 
417 2 187 2 416 
417 2 187 2 416 
417 2 187 2 416 
415 5 185 5 414 
414 7 183 7 413 
414 7 183 7 413 
414 6 185 6 413 
418 1 187 1 417 
1024 
1024 
1024 
1024 
1024 
1024 
1024 
1024 
1024 
1024 
1024 
1024 
1024 
1024 
1024 
1024 
1024 
1024 
1024 
1024 
1024 
1024 
1024 
1024 
1024 
413 1 197 1 412 
412 1 8 2 14 1 149 1 14 2 8 1 411 
1024 
1024 
1024 
1024 
1024 
1024 
1024 
1024 
1024 
1024 
1024 
1024 
1024 
1024 
1024 
1024 
1024 
1024 
1024 
1024 
1024 
1024 
1024 
1024 
1024 
1024 
1024 
1024 
1024 
438 1 147 1 437 
430 1 7 2 145 2 7 1 429 
429 2 163 2 428 
1024 
1024 
1024 
1024 
1024 
1024 
1024 
1024 
1024 
1024 
1024 
1024 
1024 
1024 
1024 
433 1 5 1 145 1 5 1 432 
433 1 5 2 143 2 5 1 432 
432 10 141 10 431 
431 11 141 11 430 
430 12 141 12 429 
431 11 141 11 430 
432 12 137 12 431 
431 15 1 1 129 1 1 15 430 
430 17 131 17 429 
429 19 129 19 428 
428 21 127 21 427 
427 22 2 1 121 1 2 22 426 
427 26 119 26 426 
426 24 1 2 119 2 1 24 425 
423 1 2 25 123 25 2 1 422 
422 30 121 30 421 
422 30 121 30 421 
425 27 121 27 424 
425 28 119 28 424 
424 30 117 30 423 
424 30 117 30 423 
424 29 37 3 39 3 37 29 423 
423 30 38 2 39 2 38 30 422 
422 2 1 28 119 28 1 2 421 
425 29 117 29 424 
425 27 121 27 424 
425 27 121 27 424 
425 26 123 26 424 
426 25 123 25 425 
427 23 125 23 426 
428 21 127 21 427 
428 21 127 21 427 
429 18 131 18 428 
431 15 133 15 430 
434 9 6 1 6 1 111 1 6 1 6 9 433 
438 19 1 3 4 2 91 2 4 3 1 19 437 
432 31 1 3 91 3 1 31 431 
426 1 1 39 7 5 67 5 7 39 1 1 425 
424 1 1 42 1 1 4 4 69 4 4 1 1 42 1 1 423 
420 2 1 48 2 6 67 6 2 48 1 2 419 
420 52 2 4 69 4 2 52 419 
415 2 2 59 34 1 34 59 2 2 414 
415 61 73 61 414 
416 63 67 63 415 
414 66 65 66 413 
354 1 49 4 4 69 1 2 14 1 27 1 14 2 1 69 4 4 49 1 353 
405 4 2 73 12 4 25 4 12 73 2 4 404 
404 5 1 74 10 8 21 8 10 74 1 5 403 
405 80 9 10 7 1 1 1 7 10 9 80 404 
406 82 5 11 1 2 11 2 1 11 5 82 405 
407 81 5 14 4 3 4 14 5 81 406 
405 84 3 13 15 13 3 84 404 
404 86 2 13 1 2 2 5 2 2 1 13 2 86 403 
403 87 2 13 3 1 1 5 1 1 3 13 2 87 402 
401 90 1 16 1 7 1 16 1 90 400 
402 103 1 13 1 103 401 
401 223 400 
387 1 11 227 11 1 386 
387 5 7 105 1 15 1 105 7 5 386 
386 8 5 102 1 21 1 102 5 8 385 
385 9 4 99 1 2 1 23 1 2 1 99 4 9 384 
384 11 3 229 3 11 383 
380 3 1 11 2 231 2 11 1 3 379 
381 14 1 233 1 14 380 
383 12 1 233 1 12 382 
383 259 382 
383 259 382 
384 257 383 
384 257 383 
384 1 1 253 1 1 383 
389 1 3 239 3 1 388 
392 241 391 
392 241 391 
392 241 391 
391 243 390 
391 243 390 
391 243 390 
390 245 389 
390 245 389 
390 245 389 
388 1 1 245 1 1 387 
388 249 387 
388 249 387 
390 245 389 
389 247 388 
390 245 389 
390 245 389 
389 247 388 
390 245 389 
389 247 388 
385 3 2 245 2 3 384 
383 259 382 
384 257 383 
377 1 5 259 5 1 376 
382 261 381 
382 7 1 245 1 7 381 
385 3 2 245 2 3 384 
390 245 389 
390 245 389 
391 243 390 
391 243 390 
390 245 389 
390 245 389 
392 241 391 
391 243 390 
392 241 391 
392 241 391 
390 245 389 
389 247 388 
390 3 1 237 1 3 389 
389 4 1 237 1 4 388 
394 237 393 
395 235 394 
396 233 395 
397 231 396 
397 231 396 
396 233 395 
396 2 1 227 1 2 395 
397 1 2 225 2 1 396 
400 225 399 
401 223 400 
401 223 400 
401 1 1 219 1 1 400 
399 1 4 217 4 1 398 
405 215 404 
407 211 406 
408 209 407 
410 205 409 
412 201 411 
417 191 416 
421 183 420 
419 187 418 
419 187 418 
416 1 1 189 1 1 415 
417 191 416 
416 193 415 
410 1 4 195 4 1 409 
412 2 2 193 2 2 411 
412 1 1 3 1 189 1 3 1 1 411 
417 191 416 
405 1 5 3 1 195 1 3 5 1 404 
410 1 5 193 5 1 409 
409 1 1 203 1 1 408 
409 2 1 1 2 195 2 1 1 2 408 
397 1 6 1 1 1 3 205 3 1 1 1 6 1 396 
405 2 2 1 1 203 1 1 2 2 404 
407 1 4 1 1 197 1 1 4 1 406 
403 1 3 2 2 203 2 2 3 1 402 
395 1 14 205 14 1 394 
389 1 5 1 3 2 4 1 2 2 1 203 1 2 2 1 4 2 3 1 5 1 388 
389 1 19 207 19 1 388 
403 219 402 
405 2 3 205 3 2 404 
404 217 403 
404 217 403 
401 1 2 217 2 1 400 
394 1 7 1 1 217 1 1 7 1 393 
386 2 6 1 3 1 6 215 6 1 3 1 6 2 385 
386 2 6 2 4 4 1 215 1 4 4 2 6 2 385 
376 2 16 1 2 6 1 217 1 6 2 1 16 2 375 
376 2 20 1 2 223 2 1 20 2 375 
396 1 2 227 2 1 395 
385 1 7 1 2 1 1 229 1 1 2 1 7 1 384 
393 1 5 227 5 1 392 
395 1 2 229 2 1 394 
394 1 1 233 1 1 393 
394 237 393 
388 1 3 1 1 237 1 1 3 1 387 
387 2 1 2 1 239 1 2 1 2 386 
375 1 11 3 2 241 2 3 11 1 374 
375 1 11 4 2 239 2 4 11 1 374 
373 4 10 251 10 4 372 
373 4 10 251 10 4 372 
374 3 13 245 13 3 373 
388 3 1 241 1 3 387 
356 1 31 1 1 245 1 1 31 1 355 
356 3 24 1 4 249 4 1 24 3 355 
356 4 28 249 28 4 355 
355 6 24 1 2 1 1 245 1 1 2 1 24 6 354 
355 6 6 1 8 1 8 1 1 251 1 1 8 1 8 1 6 6 354 
356 4 16 1 7 1 1 253 1 1 7 1 16 4 355 
372 1 12 2 1 249 1 2 12 1 371 
376 1 3 1 1 3 1 253 1 3 1 1 3 1 375 
379 267 378 
379 267 378 
378 269 377 
378 269 377 
377 271 376 
379 267 378 
376 2 1 267 1 2 375 
379 1 1 263 1 1 378 
367 1 9 271 9 1 366 
358 1 14 1 1 2 1 269 1 2 1 1 14 1 357 
357 3 8 1 7 273 7 1 8 3 356 
358 1 1 1 14 1 1 271 1 1 14 1 1 1 357 
357 7 12 273 12 7 356 
357 7 9 279 9 7 356 
355 10 5 1 2 279 2 1 5 10 354 
356 9 8 279 8 9 355 
356 9 7 281 7 9 355 
357 8 9 277 9 8 356 
360 4 4 1 2 283 2 1 4 4 359 
362 2 3 1 3 283 3 1 3 2 361 
363 1 2 3 2 283 2 3 2 1 362 
349 1 5 1 7 7 1 283 1 7 7 1 5 1 348 
362 1 1 297 1 1 361 
349 1 12 301 12 1 348 
349 1 3 1 9 7 1 283 1 7 9 1 3 1 348 
366 293 365 
365 295 364 
349 1 16 293 16 1 348 
365 2 1 289 1 2 364 
366 293 365 
311 1 55 291 55 1 310 
350 2 11 299 11 2 349 
349 2 14 295 14 2 348 
331 1 29 1 2 2 1 291 1 2 2 1 29 1 330 
307 1 23 1 30 2 1 295 1 2 30 1 23 1 306 
327 6 26 1 5 295 5 1 26 6 326 
328 6 26 1 4 295 4 1 26 6 327 
362 1 1 297 1 1 361 
361 1 2 297 2 1 360 
360 305 359 
360 305 359 
360 305 359 
361 303 360 
358 1 2 303 2 1 357 
318 1 41 305 41 1 317 
347 2 10 307 10 2 346 
346 3 8 2 1 305 1 2 8 3 345 
347 2 8 1 1 307 1 1 8 2 346 
347 1 9 311 9 1 346 
357 311 356 
336 1 21 309 21 1 335 
343 2 6 1 5 311 5 1 6 2 342 
343 3 2 1 2 1 5 311 5 1 2 1 2 3 342 
328 1 11 1 1 8 3 1 2 313 2 1 3 8 1 1 11 1 327 
333 3 3 11 3 1 2 313 2 1 3 11 3 3 332 
332 5 1 14 1 1 2 313 2 1 1 14 1 5 331 
332 361 331 
333 359 332 
333 359 332 
319 1 16 353 16 1 318 
335 355 334 
335 355 334 
335 355 334 
335 355 334 
336 353 335 
336 353 335 
334 357 333 
335 1 1 351 1 1 334 
338 349 337 
338 8 1 331 1 8 337 
335 1 10 333 10 1 334 
346 333 345 
346 333 345 
346 333 345 
344 337 343 
347 331 346 
345 335 344 
344 337 343 
342 1 2 1 2 329 2 1 2 1 341 
344 1 1 333 1 1 343 
345 335 344 
338 2 5 335 5 2 337 
343 1 1 335 1 1 342 
345 335 344 
340 2 2 337 2 2 339 
340 345 339 
343 339 342 
327 1 15 339 15 1 326 
344 337 343 
344 337 343 
328 1 14 339 14 1 327 
332 2 9 339 9 2 331 
331 5 7 339 7 5 330 
331 5 2 1 3 341 3 1 2 5 330 
331 3 9 339 9 3 330 
332 1 4 4 2 339 2 4 4 1 331 
337 351 336 
334 357 333 
334 357 333 
335 355 334 
335 355 334 
336 353 335 
337 2 1 345 1 2 336 
340 345 339 
339 347 338 
340 345 339 
341 343 340 
340 345 339 
339 347 338 
340 345 339 
340 345 339 
340 345 339 
334 3 1 349 1 3 333 
335 4 1 345 1 4 334 
336 353 335 
337 351 336 
337 351 336 
339 347 338 
339 347 338 
338 349 337 
339 347 338 
339 347 338 
336 2 1 347 1 2 335 
336 1 1 349 1 1 335 
338 349 337 
339 347 338 
339 347 338 
339 347 338 
339 347 338 
338 1 1 345 1 1 337 
339 347 338 
339 347 338 
339 347 338 
314 2 22 1 1 345 1 1 22 2 313 
313 3 23 347 23 3 312 
313 3 6 2 16 345 16 2 6 3 312 
301 1 12 9 4 1 12 345 12 1 4 9 12 1 300 
300 4 5 19 12 345 12 19 5 4 299 
300 5 4 20 1 1 9 345 9 1 1 20 4 5 299 
300 5 2 24 2 1 6 345 6 1 2 24 2 5 299 
300 5 1 27 7 345 7 27 1 5 299 
300 4 1 30 5 345 5 30 1 4 299 
303 32 5 345 5 32 302 
302 34 4 345 4 34 301 
300 37 3 345 3 37 299 
299 1 1 37 3 343 3 37 1 1 298 
300 39 2 343 2 39 299 
297 1 1 40 2 343 2 40 1 1 296 
297 43 1 343 1 43 296 
297 43 1 343 1 43 296 
298 429 297 
297 44 1 341 1 44 296 
296 433 295 
296 433 295 
296 433 295 
296 433 295 
296 433 295 
250 3 35 4 4 433 4 4 35 3 249 
250 3 34 7 2 433 2 7 34 3 249 
250 1 35 9 1 433 1 9 35 1 249 
286 453 285 
285 455 284 
285 58 1 337 1 58 284 
286 57 1 337 1 57 285 
284 12 1 46 1 337 1 46 1 12 283 
284 12 1 45 2 337 2 45 1 12 283 
276 1 10 8 2 45 3 335 3 45 2 8 10 1 275 
288 6 4 44 3 335 3 44 4 6 287 
289 1 8 44 3 335 3 44 8 1 288 
298 43 5 333 5 43 297 
299 42 4 335 4 42 298 
300 40 6 333 6 40 299 
300 39 7 333 7 39 299 
300 39 8 331 8 39 299 
300 32 2 1 11 333 11 1 2 32 299 
303 28 16 331 16 28 302 
304 25 18 331 18 25 303 
306 22 19 331 19 22 305 
306 21 21 329 21 21 305 
305 19 7 1 17 327 17 1 7 19 304 
305 4 4 7 2 1 26 327 26 1 2 7 4 4 304 
305 4 7 2 29 331 29 2 7 4 304 
264 1 41 2 8 2 32 325 32 2 8 2 41 1 263 
306 1 43 325 43 1 305 
351 323 350 
351 323 350 
349 327 348 
349 327 348 
352 321 351 
353 319 352 
353 319 352 
353 319 352 
354 317 353 
355 315 354 
352 321 351 
352 321 351 
351 323 350 
351 4 2 311 2 4 350 
357 311 356 
357 311 356 
358 309 357 
358 309 357 
358 1 1 305 1 1 357 
360 305 359 
361 303 360 
361 303 360 
362 301 361 
362 301 361 
359 4 1 297 1 4 358 
357 311 356 
357 311 356 
357 8 1 293 1 8 356 
357 8 1 293 1 8 356 
350 1 5 9 2 291 2 9 5 1 349 
355 9 4 289 4 9 354 
356 1 2 4 6 287 6 4 2 1 355 
351 1 8 1 8 287 8 1 8 1 350 
369 287 368 
371 283 370 
371 283 370 
372 281 371 
371 283 370 
371 283 370 
370 4 1 275 1 4 369 
372 1 3 273 3 1 371 
377 271 376 
377 271 376 
377 271 376 
380 132 1 132 379 
380 132 1 132 379 
382 130 1 130 381 
382 130 1 130 381 
383 128 3 128 382 
385 126 3 126 384 
386 124 5 124 385 
388 122 5 122 387 
382 5 2 120 7 120 2 5 381 
378 1 1 128 9 128 1 1 377 
379 129 9 129 378 
377 130 11 130 376 
375 131 13 131 374 
376 18 1 111 13 111 1 18 375 
375 20 2 107 17 107 2 20 374 
375 21 2 105 19 105 2 21 374 
372 1 1 22 4 102 1 1 17 1 1 102 4 22 1 1 371 
371 25 6 99 23 99 6 25 370 
372 24 7 98 23 98 7 24 371 
374 23 6 96 1 1 23 1 1 96 6 23 373 
374 22 11 90 31 90 11 22 373 
374 23 10 89 33 89 10 23 373 
374 23 10 2 2 83 1 2 31 2 1 83 2 2 10 23 373 
375 21 17 80 2 2 31 2 2 80 17 21 374 
376 19 20 76 43 76 20 19 375 
376 18 19 4 1 73 43 73 1 4 19 18 375 
377 16 20 4 3 67 1 3 43 3 1 67 3 4 20 16 376 
375 17 1 1 19 4 5 63 3 3 43 3 3 63 5 4 19 1 1 17 374 
374 5 1 9 24 3 6 2 2 57 5 1 1 1 43 1 1 1 5 57 2 2 6 3 24 9 1 5 373 
374 5 3 4 1 2 24 1 15 51 65 51 15 1 24 2 1 4 3 5 373 
374 5 8 2 44 43 1 5 61 5 1 43 44 2 8 5 373 
375 4 52 6 1 34 5 5 61 5 5 34 1 6 52 4 374 
375 1 54 9 4 22 6 1 5 4 63 4 5 1 6 22 4 9 54 1 374 
429 10 6 1 3 3 2 1 5 5 12 4 63 4 12 5 5 1 2 3 3 1 6 10 428 
428 12 9 3 7 7 14 1 63 1 14 7 7 3 9 12 427 
428 13 9 1 8 8 91 8 8 1 9 13 427 
428 13 18 7 93 7 18 13 427 
428 13 18 8 91 8 18 13 427 
359 2 66 13 19 6 95 6 19 13 66 2 358 
350 1 8 1 69 11 22 1 99 1 22 11 69 1 8 1 349 
430 8 24 2 97 2 24 8 429 
431 6 1 1 24 1 97 1 24 1 1 6 430 
432 1 1 1 155 1 1 1 431 
431 3 157 3 430 
431 3 157 3 430 
1024 
460 1 103 1 459 
1024 
1024 
1024 
1024 
1024 
1024 
1024 
1024 
1024 
1024 
1024 
1024 
1024 
1024 
1024 
1024 
1024 
1024 
1024 
1024 
1024 
1024 
1024 
1024 
1024 
1024 
1024 
1024 
1024 
1024 
1024 
1024 
1024 
1024 
1024 
1024 
1024 
1024 
1024 
1024 
1024 
1024 
1024 
1024 
1024 
1024 
1024 
1024 
1024 
1024 
1024 
1024 
1024 
1024 
1024 
1024 
1024 
1024 
1024 
1024 
1024 
1024 
1024 
1024 
1024 
1024 
1024 
1024 
1024 
1024 
1024 
1024 
1024 
1024 
1024 
1024 
1024 
1024 
1024 
1024 
1024 
1024 
1024 
1024 
1024 
1024 
1024 
1024 
1024 
1024 
1024 
1024 
1024 
1024 
1024 
1024 
1024 
1024 
1024 
1024 
1024 
1024 
1024 
1024 
1024 
1024 
1024 
1024 
1024 
1024 
1024 
1024 
1024 
1024 
1024 
1024 
1024 
1024 
1024 
1024 
1024 
1024 
1024 
1024 
1024 
1024 
1024 
1024 
1024 
1024 
1024 
1024 
1024 
1024 
1024 
1024 
1024 
1024 
1024 
1024 
1024 
1024 
1024 
1024 
1024 
1024 
1024 
1024 
1024 
1024 
1024 
1024 
1024 
1024 
1024 
1024 
1024 
1024 
1024 
1024 
1024 
1024 
1024 
1024 
1024 
1024 
1024 
1024 
1024 
1024 
1024 
1024 
1024 
1024 
1024 
1024 
1024 
1024 
1024 
1024 
1024 
1024 
1024 
1024 
1024 
1024 
1024 
1024 
1024 
1024 
1024 
1024 
1024 
1024 
1024 
1024 
1024 
1024 
1024 
1024 
1024 
1024 
1024 
1024 
1024 
1024 
1024 
1024 
1024 
1024 
1024 
1024 
1024 
1024 
1024 
1024 
1024 
1024 
1024 
1024 
1024 
1024 
1024 
1024 
1024 
1024 
1024 
1024 
1024 
1024 
1024 
1024 
1024 
1024 
1024 
1024 
1024 
1024 
1024 
1024 
1024 
1024 
1024 
1024 
1024 
1024 
1024 
1024 
1024 
1024 
1024 
1024 
1024 
1024 
1024 
1024 
1024 
1024 
1024 
1024 
1024 
1024 
1024 
1024 
1024 
1024 
1024 
1024 
1024 
1024 
1024 
1024 
1024 
1024 
1024 
1024 
1024 
1024 
1024 
1024 
1024 
1024 
1024 
1024 
1024 
1024 
1024 
1024 
1024 
1024 
1024 
1024 
1024 
1024 
1024 
1024 
1024 
1024 
1024 
1024 
1024 
1024 
1024 
1024 
1024 
1024 
1024 
1024 
1024 
1024 
1024 
1024 
1024 
1024 
1024 
1024 
1024 
1024 
1024 
1024 
1024 
1024 
1024 
1024 
1024 
1024 
1024 
1024 
1024 
1024 
1024 
1024 
1024 
1024 
1024 
1024 
1024 
1024 
1024 
1024 
1024 
1024 
1024 
1024 
1024 
1024 
1024 
1024 
1024 
1024 
1024 
1024 
1024 
1024 
1024 
1024 
1024 
1024 
1024 
1024 
1024 
1024 
1024 
1024 
1024 
1024 
1024 
1024 
1024 
1024 
1024 
1024 
1024 
1024 
1024 
1024 
1024 
1024 
1024 
1024 
1024 
1024 
1024 
1024 
1024 
1024 
1024 
1024 
1024 
1024 
1024 
1024 
1024 
1024 
1024 
1024 
