1024 
1024 
1024 
1024 
1024 
1024 
1024 
1024 
1024 
1024 
1024 
1024 
1024 
1024 
1024 
1024 
1024 
1024 
1024 
1024 
1024 
1024 
1024 
1024 
1024 
1024 
1024 
1024 
1024 
1024 
1024 
1024 
1024 
1024 
1024 
1024 
1024 
1024 
1024 
1024 
1024 
1024 
1024 
1024 
1024 
1024 
1024 
1024 
1024 
1024 
1024 
1024 
1024 
1024 
1024 
1024 
1024 
1024 
1024 
1024 
1024 
1024 
1024 
1024 
1024 
1024 
1024 
1024 
1024 
1024 
1024 
1024 
1024 
1024 
1024 
1024 
1024 
1024 
1024 
1024 
1024 
1024 
1024 
1024 
1024 
1024 
1024 
1024 
1024 
1024 
1024 
1024 
1024 
1024 
1024 
1024 
1024 
1024 
1024 
1024 
1024 
1024 
1024 
1024 
1024 
1024 
1024 
1024 
1024 
1024 
1024 
1024 
1024 
1024 
1024 
1024 
1024 
1024 
1024 
1024 
1024 
1024 
1024 
1024 
1024 
1024 
1024 
1024 
1024 
1024 
1024 
1024 
1024 
1024 
1024 
1024 
1024 
1024 
1024 
1024 
1024 
1024 
1024 
1024 
1024 
1024 
1024 
1024 
1024 
1024 
1024 
1024 
1024 
1024 
1024 
1024 
1024 
1024 
1024 
1024 
1024 
1024 
1024 
1024 
1024 
1024 
1024 
1024 
1024 
1024 
1024 
1024 
1024 
1024 
1024 
1024 
1024 
1024 
1024 
1024 
1024 
1024 
1024 
1024 
1024 
1024 
1024 
1024 
1024 
1024 
1024 
1024 
1024 
1024 
1024 
1024 
1024 
1024 
1024 
1024 
1024 
1024 
1024 
1024 
1024 
1024 
1024 
1024 
1024 
1024 
1024 
1024 
1024 
1024 
1024 
1024 
1024 
1024 
1024 
1024 
1024 
1024 
1024 
1024 
1024 
1024 
1024 
1024 
1024 
1024 
1024 
1024 
1024 
249 1 525 1 248 
249 1 525 1 248 
247 3 525 3 246 
246 5 523 5 245 
246 6 521 6 245 
246 5 523 5 245 
246 4 525 4 245 
1024 
1024 
1024 
1024 
1024 
1024 
1024 
1024 
1024 
1024 
1024 
1024 
1024 
1024 
1024 
1024 
257 2 507 2 256 
1024 
1024 
1024 
1024 
1024 
1024 
458 1 107 1 457 
295 2 431 2 294 
1024 
1024 
1024 
1024 
1024 
274 3 31 1 407 1 31 3 273 
349 1 325 1 348 
1024 
1024 
1024 
297 2 44 1 337 1 44 2 296 
295 4 188 1 49 1 188 4 294 
296 4 161 2 99 2 161 4 295 
291 2 3 4 161 3 97 3 161 4 3 2 290 
288 1 1 9 163 2 97 2 163 9 1 1 287 
282 1 5 12 161 5 93 5 161 12 5 1 281 
281 4 2 14 1 1 157 7 91 7 157 1 1 14 2 4 280 
281 4 1 17 156 8 35 3 15 3 35 8 156 17 1 4 280 
281 23 1 2 153 8 33 3 17 3 33 8 153 2 1 23 280 
282 2 1 19 1 2 152 8 35 2 17 2 35 8 152 2 1 19 1 2 281 
284 22 154 6 93 6 154 22 283 
283 23 156 5 91 5 156 23 282 
282 24 41 1 114 3 24 1 10 1 4 1 13 1 4 1 10 1 24 3 114 1 41 24 281 
282 24 191 1 2 2 1 1 1 5 1 1 1 1 1 5 1 1 1 2 2 1 191 24 281 
282 26 178 1 4 2 1 4 1 1 1 4 1 6 1 6 1 4 1 1 1 4 1 2 4 1 178 26 281 
282 24 135 1 41 1 5 2 1 1 2 5 1 4 1 13 1 4 1 5 2 1 1 2 5 1 41 1 135 24 281 
282 25 133 2 30 1 8 1 1 1 1 1 2 1 2 7 1 27 1 7 2 1 2 1 1 1 1 1 8 1 30 2 133 25 281 
280 26 49 1 123 1 3 4 2 6 1 33 1 6 2 4 3 1 123 1 49 26 279 
280 26 17 1 22 2 117 1 2 1 8 1 2 65 2 1 8 1 2 1 117 2 22 1 17 26 279 
282 24 39 3 119 1 5 1 2 1 2 3 1 59 1 3 2 1 2 1 5 1 119 3 39 24 281 
283 23 11 1 6 1 2 1 15 4 117 1 7 1 2 75 2 1 7 1 117 4 15 1 2 1 6 1 11 23 282 
283 23 18 3 14 8 113 1 6 1 5 75 5 1 6 1 113 8 14 3 18 23 282 
284 21 11 2 6 4 13 9 118 1 1 3 1 77 1 3 1 1 118 9 13 4 6 2 11 21 283 
283 21 8 2 2 3 1 1 3 4 13 12 111 1 1 1 2 2 1 81 1 2 2 1 1 1 111 12 13 4 3 1 1 3 2 2 8 21 282 
285 18 5 1 2 12 1 3 13 12 105 1 4 2 2 1 1 89 1 1 2 2 4 1 105 12 13 3 1 12 2 1 5 18 284 
285 17 2 26 2 1 7 12 110 3 2 91 2 3 110 12 7 1 2 26 2 17 284 
288 45 7 12 104 1 2 1 4 2 1 91 1 2 4 1 2 1 104 12 7 45 287 
289 47 4 12 105 1 2 1 4 1 1 91 1 1 4 1 2 1 105 12 4 47 288 
296 42 3 12 103 1 2 107 2 1 103 12 3 42 295 
294 46 1 10 101 2 1 1 1 4 1 1 1 97 1 1 1 4 1 1 1 2 101 10 1 46 293 
290 61 20 1 76 1 3 121 3 1 76 1 20 61 289 
289 59 101 1 3 119 3 1 101 59 288 
287 1 1 56 97 1 7 1 2 6 1 105 1 6 2 1 7 1 97 56 1 1 286 
285 1 1 60 104 1 2 1 1 113 1 1 2 1 104 60 1 1 284 
285 64 100 127 100 64 284 
282 1 1 66 1 1 90 1 1 1 1 4 1 123 1 4 1 1 1 1 90 1 1 66 1 1 281 
274 1 6 2 1 68 95 131 95 68 1 2 6 1 273 
282 71 1 1 87 141 87 1 1 71 281 
280 1 1 71 1 3 84 143 84 3 1 71 1 1 279 
276 2 2 76 84 1 1 141 1 1 84 76 2 2 275 
274 82 79 2 2 2 1 141 1 2 2 2 79 82 273 
275 81 1 1 6 1 71 1 1 149 1 1 71 1 6 1 1 81 274 
275 82 5 3 54 1 11 1 1 1 2 3 1 145 1 3 2 1 1 1 11 1 54 3 5 82 274 
277 82 2 6 52 2 6 1 2 2 1 159 1 2 2 1 6 2 52 6 2 82 276 
276 83 2 6 51 3 8 167 8 3 51 6 2 83 275 
276 84 1 8 50 1 3 1 2 1 2 1 1 163 1 1 2 1 2 1 3 1 50 8 1 84 275 
274 93 43 1 15 2 1 167 1 2 15 1 43 93 273 
275 92 60 171 60 92 274 
264 1 9 88 1 2 56 2 1 177 1 2 56 2 1 88 9 1 263 
265 1 1 1 5 90 51 1 7 2 1 175 1 2 7 1 51 90 5 1 1 1 264 
263 6 4 90 12 1 44 1 1 181 1 1 44 1 12 90 4 6 262 
254 1 9 6 2 92 1 1 52 3 1 181 1 3 52 1 1 92 2 6 9 1 253 
241 1 21 8 1 93 52 1 1 187 1 1 52 93 1 8 21 1 240 
263 8 1 93 51 193 51 93 1 8 262 
263 104 47 1 2 191 2 1 47 104 262 
261 105 50 193 50 105 260 
261 106 47 1 1 193 1 1 47 106 260 
263 104 2 1 45 195 45 1 2 104 262 
265 4 1 101 43 197 43 101 1 4 264 
270 102 2 1 35 205 35 1 2 102 269 
270 103 35 1 1 205 1 1 35 103 269 
270 102 37 207 37 102 269 
241 1 27 100 33 2 2 213 2 2 33 100 27 1 240 
269 101 34 1 2 211 2 1 34 101 268 
269 101 33 219 33 101 268 
268 103 33 217 33 103 267 
268 103 30 223 30 103 267 
269 102 30 1 1 219 1 1 30 102 268 
269 102 1 1 28 223 28 1 1 102 268 
269 105 27 223 27 105 268 
270 104 24 1 1 225 1 1 24 104 269 
266 3 1 101 27 229 27 101 1 3 265 
266 106 22 1 2 231 2 1 22 106 265 
266 106 21 1 2 233 2 1 21 106 265 
266 106 22 237 22 106 265 
270 102 21 239 21 102 269 
271 103 19 239 19 103 270 
271 103 18 241 18 103 270 
272 100 20 241 20 100 271 
272 100 20 241 20 100 271 
271 101 19 243 19 101 270 
271 101 16 249 16 101 270 
271 103 13 251 13 103 270 
274 98 15 251 15 98 273 
275 97 15 251 15 97 274 
274 98 10 1 3 253 3 1 10 98 273 
275 1 1 96 12 255 12 96 1 1 274 
277 96 10 259 10 96 276 
277 95 11 259 11 95 276 
279 93 11 259 11 93 278 
281 90 1 1 8 263 8 1 1 90 280 
285 86 10 263 10 86 284 
285 86 9 265 9 86 284 
283 89 7 267 7 89 282 
282 89 7 269 7 89 281 
282 89 6 271 6 89 281 
282 88 7 271 7 88 281 
281 89 5 275 5 89 280 
279 1 1 89 4 277 4 89 1 1 278 
280 89 5 277 5 89 279 
279 90 4 279 4 90 278 
268 1 10 90 4 279 4 90 10 1 267 
278 1 1 89 2 283 2 89 1 1 277 
277 1 2 88 3 283 3 88 2 1 276 
278 1 1 88 2 285 2 88 1 1 277 
281 86 2 287 2 86 280 
281 86 1 289 1 86 280 
281 85 2 289 2 85 280 
280 86 1 291 1 86 279 
282 83 1 293 1 83 281 
278 1 3 1 1 81 1 293 1 81 1 1 3 1 277 
276 1 8 79 1 295 1 79 8 1 275 
287 76 1 297 1 76 286 
287 451 286 
275 1 10 1 5 441 5 1 10 1 274 
286 1 8 1 3 62 1 301 1 62 3 1 8 1 285 
298 429 297 
284 1 13 429 13 1 283 
298 429 297 
299 5 1 415 1 5 298 
266 1 34 1 2 417 2 1 34 1 265 
302 1 4 411 4 1 301 
279 1 30 405 30 1 278 
312 401 311 
315 38 2 315 2 38 314 
318 35 1 317 1 35 317 
250 1 68 32 2 319 2 32 68 1 249 
319 31 3 319 3 31 318 
321 27 4 321 4 27 320 
322 24 5 323 5 24 321 
241 2 80 21 7 323 7 21 80 2 240 
307 1 17 17 8 325 8 17 17 1 306 
294 1 34 10 10 327 10 10 34 1 293 
337 1 11 327 11 1 336 
347 331 346 
342 1 4 331 4 1 341 
346 333 345 
346 333 345 
279 1 66 333 66 1 278 
274 1 69 337 69 1 273 
336 1 7 337 7 1 335 
344 337 343 
317 1 25 339 25 1 316 
269 1 45 1 17 1 9 339 9 1 17 1 45 1 268 
341 1 1 339 1 1 340 
342 341 341 
341 343 340 
339 1 1 343 1 1 338 
340 345 339 
323 2 15 345 15 2 322 
302 1 36 347 36 1 301 
313 1 23 1 1 347 1 1 23 1 312 
337 351 336 
292 1 4 1 40 349 40 1 4 1 291 
316 1 21 349 21 1 315 
286 1 21 1 6 1 21 351 21 1 6 1 21 1 285 
334 1 2 351 2 1 333 
334 2 1 351 1 2 333 
334 357 333 
335 355 334 
336 353 335 
335 355 334 
280 2 20 2 25 1 5 355 5 1 25 2 20 2 279 
280 2 20 1 31 357 31 1 20 2 279 
330 3 1 357 1 3 329 
330 365 329 
300 1 30 363 30 1 299 
332 361 331 
333 359 332 
332 361 331 
332 361 331 
331 363 330 
331 363 330 
330 365 329 
254 2 69 1 5 363 5 1 69 2 253 
253 2 23 2 45 4 2 363 2 4 45 2 23 2 252 
325 375 324 
235 1 89 375 89 1 234 
235 1 90 373 90 1 234 
234 5 88 371 88 5 233 
234 4 92 365 92 4 233 
234 4 91 367 91 4 233 
235 2 87 1 4 367 4 1 87 2 234 
322 1 5 369 5 1 321 
328 369 327 
326 2 1 367 1 2 325 
327 371 326 
328 369 327 
327 371 326 
327 371 326 
311 1 5 1 10 369 10 1 5 1 310 
322 1 4 371 4 1 321 
317 2 1 5 2 371 2 5 1 2 316 
317 9 1 371 1 9 316 
318 8 1 371 1 8 317 
312 1 5 389 5 1 311 
318 389 317 
319 387 318 
320 6 1 371 1 6 319 
322 381 321 
326 373 325 
326 373 325 
326 373 325 
325 375 324 
326 373 325 
318 1 6 375 6 1 317 
325 375 324 
326 373 325 
325 375 324 
325 375 324 
322 381 321 
323 379 322 
326 373 325 
325 375 324 
324 377 323 
325 375 324 
324 1 1 373 1 1 323 
325 375 324 
325 375 324 
325 375 324 
325 375 324 
300 1 13 2 9 375 9 2 13 1 299 
314 2 1 1 1 1 5 375 5 1 1 1 1 2 313 
314 8 3 375 3 8 313 
294 1 17 11 2 375 2 11 17 1 293 
307 3 1 13 2 373 2 13 1 3 306 
303 1 2 4 1 14 1 373 1 14 1 4 2 1 302 
306 19 1 373 1 19 305 
307 2 1 405 1 2 306 
309 407 308 
310 405 309 
309 407 308 
310 16 1 371 1 16 309 
309 17 1 371 1 17 308 
309 1 1 15 1 371 1 15 1 1 308 
313 13 1 371 1 13 312 
316 9 2 371 2 9 315 
320 5 2 371 2 5 319 
322 1 4 371 4 1 321 
327 371 326 
328 369 327 
328 369 327 
328 369 327 
327 371 326 
328 369 327 
328 369 327 
328 369 327 
327 371 326 
314 1 12 371 12 1 313 
309 1 18 369 18 1 308 
309 1 19 367 19 1 308 
330 365 329 
329 367 328 
330 365 329 
329 367 328 
331 363 330 
326 1 1 2 1 363 1 2 1 1 325 
326 373 325 
324 1 1 373 1 1 323 
322 1 1 377 1 1 321 
325 375 324 
326 6 1 359 1 6 325 
322 1 10 359 10 1 321 
333 359 332 
334 357 333 
333 359 332 
328 1 4 359 4 1 327 
334 357 333 
334 357 333 
335 355 334 
333 359 332 
332 361 331 
333 359 332 
337 351 336 
337 351 336 
334 1 3 349 3 1 333 
338 349 337 
337 351 336 
337 351 336 
339 347 338 
340 345 339 
339 347 338 
339 347 338 
341 343 340 
342 341 341 
343 339 342 
343 339 342 
343 339 342 
344 337 343 
330 1 3 1 10 335 10 1 3 1 329 
323 3 4 1 2 2 2 1 7 335 7 1 2 2 2 1 4 3 322 
323 17 6 333 6 17 322 
324 19 4 331 4 19 323 
314 1 7 22 3 331 3 22 7 1 313 
309 1 4 3 4 25 2 329 2 25 4 3 4 1 308 
312 5 2 28 1 329 1 28 2 5 311 
313 35 1 327 1 35 312 
313 36 1 325 1 36 312 
314 2 1 391 1 2 313 
316 393 315 
315 395 314 
315 395 314 
314 397 313 
312 1 1 39 1 317 1 39 1 1 311 
312 401 311 
313 41 1 315 1 41 312 
313 42 1 313 1 42 312 
312 43 2 311 2 43 311 
312 43 2 311 2 43 311 
312 43 3 309 3 43 311 
307 2 3 44 3 307 3 44 3 2 306 
305 5 2 44 3 307 3 44 2 5 304 
303 53 4 305 4 53 302 
304 52 6 301 6 52 303 
304 52 6 301 6 52 303 
303 53 8 297 8 53 302 
304 51 10 295 10 51 303 
304 8 1 42 8 2 1 293 1 2 8 42 1 8 303 
304 8 2 41 7 1 3 146 1 146 3 1 7 41 2 8 303 
303 8 3 40 13 145 1 145 13 40 3 8 302 
279 1 28 1 6 39 13 145 1 145 13 39 6 1 28 1 278 
279 3 16 1 16 40 11 3 1 142 1 142 1 3 11 40 16 1 16 3 278 
279 3 34 36 19 140 3 140 19 36 34 3 278 
316 37 19 139 3 139 19 37 315 
318 16 1 16 22 137 5 137 22 16 1 16 317 
320 13 2 10 1 3 23 138 5 138 23 3 1 10 2 13 319 
319 2 1 11 2 8 28 138 7 138 28 8 2 11 1 2 318 
319 3 2 6 40 5 1 133 7 133 1 5 40 6 2 3 318 
319 3 4 2 45 1 4 131 7 131 4 1 45 2 4 3 318 
320 1 57 130 9 130 57 1 319 
296 1 83 127 11 127 83 1 295 
381 125 13 125 380 
350 1 32 122 15 122 32 1 349 
381 123 17 123 380 
380 125 15 125 379 
295 1 83 123 21 123 83 1 294 
294 1 84 8 1 113 23 113 1 8 84 1 293 
379 8 2 113 21 113 2 8 378 
378 9 4 108 1 1 23 1 1 108 4 9 377 
378 7 9 103 31 103 9 7 377 
394 102 33 102 393 
393 3 1 101 29 101 1 3 392 
373 1 19 3 3 95 1 2 31 2 1 95 3 3 19 1 372 
379 1 19 94 3 1 31 1 3 94 19 1 378 
399 1 3 87 45 87 3 1 398 
405 84 47 84 404 
407 79 1 4 43 4 1 79 406 
410 75 1 5 43 5 1 75 409 
408 75 4 3 45 3 4 75 407 
406 73 1 1 1 1 59 1 1 1 1 73 405 
403 14 2 57 73 57 2 14 402 
403 16 3 51 1 4 69 4 1 51 3 16 402 
401 19 6 1 1 42 3 6 67 6 3 42 1 1 6 19 400 
401 19 9 35 1 2 6 6 67 6 6 2 1 35 9 19 400 
401 20 8 1 4 4 2 17 5 1 2 2 6 7 65 7 6 2 2 1 5 17 2 4 4 1 8 20 400 
401 20 13 5 3 1 7 7 8 1 7 5 1 1 65 1 1 5 7 1 8 7 7 1 3 5 13 20 400 
399 1 1 20 14 3 11 9 16 3 71 3 16 9 11 3 14 20 1 1 398 
399 23 14 1 12 10 16 2 71 2 16 10 12 1 14 23 398 
399 1 1 21 26 11 107 11 26 21 1 1 398 
401 20 27 12 105 12 27 20 400 
401 20 27 11 107 11 27 20 400 
401 21 25 12 107 12 25 21 400 
402 18 1 1 25 1 1 8 111 8 1 1 25 1 1 18 401 
402 13 1 3 31 6 113 6 31 3 1 13 401 
403 11 37 5 113 5 37 11 402 
401 3 1 8 37 2 121 2 37 8 1 3 400 
401 4 1 5 40 2 119 2 40 5 1 4 400 
401 4 5 1 203 1 5 4 400 
401 4 215 4 400 
402 1 219 1 401 
1024 
450 1 123 1 449 
1024 
452 1 119 1 451 
1024 
393 1 3 1 229 1 3 1 392 
392 1 239 1 391 
1024 
1024 
1024 
1024 
1024 
1024 
1024 
1024 
1024 
1024 
1024 
1024 
1024 
1024 
1024 
1024 
1024 
1024 
1024 
1024 
1024 
1024 
1024 
1024 
1024 
1024 
1024 
1024 
1024 
1024 
1024 
1024 
1024 
1024 
1024 
1024 
1024 
1024 
1024 
1024 
1024 
1024 
1024 
1024 
1024 
1024 
1024 
1024 
1024 
1024 
1024 
1024 
1024 
1024 
1024 
1024 
1024 
1024 
1024 
1024 
1024 
1024 
1024 
1024 
1024 
1024 
1024 
1024 
1024 
1024 
1024 
1024 
1024 
1024 
1024 
1024 
1024 
1024 
1024 
1024 
1024 
1024 
1024 
1024 
1024 
1024 
1024 
1024 
1024 
1024 
1024 
1024 
1024 
1024 
1024 
1024 
1024 
1024 
1024 
1024 
1024 
1024 
1024 
1024 
1024 
1024 
1024 
1024 
1024 
1024 
1024 
1024 
1024 
1024 
1024 
1024 
1024 
1024 
1024 
1024 
1024 
1024 
1024 
1024 
1024 
1024 
1024 
1024 
1024 
1024 
1024 
1024 
1024 
1024 
1024 
1024 
1024 
1024 
1024 
1024 
1024 
1024 
1024 
1024 
1024 
1024 
1024 
1024 
1024 
1024 
1024 
1024 
1024 
1024 
1024 
1024 
1024 
1024 
1024 
1024 
1024 
1024 
1024 
1024 
1024 
1024 
1024 
1024 
1024 
1024 
1024 
1024 
1024 
1024 
1024 
1024 
1024 
1024 
1024 
1024 
1024 
1024 
1024 
1024 
1024 
1024 
1024 
1024 
1024 
1024 
1024 
1024 
1024 
1024 
1024 
1024 
1024 
1024 
1024 
1024 
1024 
1024 
1024 
1024 
1024 
1024 
1024 
1024 
1024 
1024 
1024 
1024 
1024 
1024 
1024 
1024 
1024 
1024 
1024 
1024 
1024 
1024 
1024 
1024 
1024 
1024 
1024 
1024 
1024 
1024 
1024 
1024 
1024 
1024 
1024 
1024 
1024 
1024 
1024 
1024 
1024 
1024 
1024 
1024 
1024 
1024 
1024 
1024 
1024 
1024 
1024 
1024 
1024 
1024 
1024 
1024 
1024 
1024 
1024 
1024 
1024 
1024 
1024 
1024 
1024 
1024 
1024 
1024 
1024 
1024 
1024 
1024 
1024 
1024 
1024 
1024 
1024 
1024 
1024 
1024 
1024 
1024 
1024 
1024 
1024 
1024 
1024 
1024 
1024 
1024 
1024 
1024 
1024 
1024 
1024 
1024 
1024 
1024 
1024 
1024 
1024 
1024 
1024 
1024 
1024 
1024 
1024 
1024 
1024 
1024 
1024 
1024 
1024 
1024 
1024 
1024 
1024 
1024 
1024 
1024 
1024 
1024 
1024 
1024 
1024 
1024 
1024 
1024 
1024 
1024 
1024 
1024 
1024 
1024 
1024 
1024 
1024 
1024 
1024 
1024 
1024 
1024 
1024 
1024 
1024 
1024 
1024 
1024 
1024 
1024 
1024 
1024 
1024 
1024 
1024 
1024 
1024 
1024 
1024 
1024 
1024 
1024 
1024 
1024 
1024 
1024 
1024 
1024 
1024 
1024 
1024 
1024 
