1024 
1024 
1024 
1024 
1024 
1024 
1024 
1024 
1024 
1024 
1024 
1024 
1024 
1024 
1024 
1024 
1024 
1024 
1024 
1024 
1024 
1024 
1024 
1024 
1024 
1024 
1024 
1024 
1024 
1024 
1024 
1024 
1024 
1024 
1024 
1024 
1024 
1024 
1024 
1024 
1024 
1024 
1024 
1024 
1024 
1024 
1024 
1024 
1024 
1024 
1024 
1024 
1024 
1024 
1024 
1024 
1024 
1024 
1024 
1024 
1024 
1024 
1024 
1024 
1024 
1024 
1024 
1024 
1024 
1024 
1024 
1024 
1024 
1024 
1024 
1024 
1024 
1024 
1024 
1024 
1024 
1024 
1024 
1024 
1024 
1024 
1024 
1024 
1024 
1024 
1024 
1024 
1024 
1024 
1024 
1024 
1024 
1024 
1024 
1024 
1024 
1024 
1024 
1024 
1024 
1024 
1024 
1024 
1024 
1024 
1024 
1024 
1024 
1024 
1024 
1024 
1024 
1024 
1024 
1024 
1024 
1024 
1024 
1024 
1024 
1024 
1024 
1024 
1024 
347 1 329 1 346 
347 2 327 2 346 
347 1 329 1 346 
345 4 327 4 344 
344 6 325 6 343 
344 7 323 7 343 
344 6 325 6 343 
347 2 327 2 346 
1024 
1024 
1024 
1024 
1024 
1024 
1024 
1024 
1024 
1024 
1024 
1024 
1024 
1024 
1024 
1024 
1024 
1024 
1024 
1024 
1024 
338 1 347 1 337 
353 1 317 1 352 
353 1 317 1 352 
1024 
1024 
331 1 361 1 330 
1024 
1024 
1024 
1024 
1024 
357 1 309 1 356 
1024 
1024 
1024 
1024 
1024 
1024 
1024 
1024 
1024 
1024 
1024 
1024 
381 1 261 1 380 
381 1 261 1 380 
366 2 289 2 365 
316 2 48 2 10 1 267 1 10 2 48 2 315 
316 2 389 2 315 
1024 
1024 
1024 
1024 
1024 
1024 
1024 
1024 
1024 
1024 
382 1 259 1 381 
381 3 257 3 380 
371 2 7 5 11 1 231 1 11 5 7 2 370 
371 4 5 5 255 5 5 4 370 
370 5 5 5 255 5 5 5 369 
370 6 1 8 255 8 1 6 369 
371 4 1 10 47 1 157 1 47 10 1 4 370 
371 17 249 17 370 
369 1 2 18 245 18 2 1 368 
372 18 64 1 115 1 64 18 371 
367 1 2 21 243 21 2 1 366 
370 21 1 2 237 2 1 21 369 
368 26 237 26 367 
368 25 239 25 367 
368 25 239 25 367 
368 25 239 25 367 
364 30 237 30 363 
365 29 237 29 364 
367 28 235 28 366 
367 27 237 27 366 
367 27 237 27 366 
348 1 18 27 237 27 18 1 347 
367 28 235 28 366 
366 28 237 28 365 
366 1 1 25 239 25 1 1 365 
368 25 239 25 367 
369 24 239 24 368 
368 1 1 22 241 22 1 1 367 
370 21 243 21 369 
370 20 245 20 369 
373 16 12 1 4 1 211 1 4 1 12 16 372 
373 14 2 1 1 2 2 1 1 1 3 1 3 3 6 3 191 3 6 3 3 1 3 1 1 1 2 2 1 1 2 14 372 
376 28 2 2 6 4 2 1 29 1 123 1 29 1 2 4 6 2 2 28 375 
380 29 1 1 3 5 187 5 3 1 1 29 379 
376 37 1 4 189 4 1 37 375 
374 44 19 1 149 1 19 44 373 
371 47 17 6 143 6 17 47 370 
366 1 2 52 2 1 9 8 143 8 9 1 2 52 2 1 365 
366 1 1 56 9 9 141 9 9 56 1 1 365 
361 2 3 57 10 10 1 3 131 3 1 10 10 57 3 2 360 
361 2 1 61 1 1 5 15 131 15 5 1 1 61 1 2 360 
361 66 5 12 137 12 5 66 360 
361 67 4 13 135 13 4 67 360 
354 2 3 70 3 13 135 13 3 70 3 2 353 
352 4 2 73 1 13 135 13 1 73 2 4 351 
352 5 1 74 1 12 135 12 1 74 1 5 351 
352 93 135 93 351 
353 90 139 90 352 
354 89 139 89 353 
353 83 24 1 103 1 24 83 352 
308 1 43 85 151 85 43 1 307 
350 1 1 86 149 86 1 1 349 
349 90 147 90 348 
350 91 143 91 349 
350 91 143 91 349 
338 2 8 95 69 1 69 95 8 2 337 
337 6 6 93 141 93 6 6 336 
326 1 9 8 4 95 139 95 4 8 9 1 325 
335 10 2 96 1 2 59 3 9 3 59 2 1 96 2 10 334 
335 10 2 100 58 3 9 3 58 100 2 10 334 
335 10 1 101 58 2 11 2 58 101 1 10 334 
332 13 1 100 133 100 1 13 331 
332 2 1 111 133 111 1 2 331 
313 1 21 112 131 112 21 1 312 
335 112 131 112 334 
336 112 129 112 335 
336 6 2 104 3 3 117 3 3 104 2 6 335 
338 1 5 104 2 6 113 6 2 104 5 1 337 
343 106 1 6 113 6 1 106 342 
343 113 113 113 342 
342 116 109 116 341 
342 114 113 114 341 
341 115 113 115 340 
342 108 2 2 117 2 2 108 341 
342 109 123 109 341 
340 1 1 109 123 109 1 1 339 
340 111 51 1 19 1 51 111 339 
342 110 121 110 341 
342 110 121 110 341 
341 111 39 1 41 1 39 111 340 
341 113 117 113 340 
341 111 121 111 340 
341 112 56 1 5 1 56 112 340 
338 2 1 112 119 112 1 2 337 
337 4 1 111 29 1 26 1 2 1 2 1 26 1 29 111 1 4 336 
336 117 1 2 52 9 52 2 1 117 335 
336 121 50 11 50 121 335 
331 1 5 120 47 1 2 11 2 1 47 120 5 1 330 
335 6 1 115 50 11 50 115 1 6 334 
338 1 3 111 1 3 47 2 1 11 1 2 47 3 1 111 3 1 337 
343 110 48 2 5 9 5 2 48 110 342 
343 110 47 1 1 1 2 1 3 7 3 1 2 1 1 1 47 110 342 
343 111 41 1 3 1 4 1 5 5 5 1 4 1 3 1 41 111 342 
342 111 43 1 5 21 5 1 43 111 341 
344 110 30 1 6 1 2 1 2 31 2 1 2 1 6 1 30 110 343 
344 109 38 1 2 37 2 1 38 109 343 
344 109 30 1 7 43 7 1 30 109 343 
343 110 29 1 5 49 5 1 29 110 342 
342 113 27 1 3 53 3 1 27 113 341 
342 3 1 110 28 57 28 110 1 3 341 
342 1 3 106 1 3 23 3 1 59 1 3 23 3 1 106 3 1 341 
347 107 26 65 26 107 346 
348 104 26 69 26 104 347 
348 104 24 73 24 104 347 
348 104 22 77 22 104 347 
347 2 1 101 22 79 22 101 1 2 346 
351 100 21 81 21 100 350 
352 101 18 83 18 101 351 
351 102 18 83 18 102 350 
354 97 16 91 16 97 353 
354 1 1 94 15 95 15 94 1 1 353 
357 93 14 97 14 93 356 
358 92 13 99 13 92 357 
362 88 13 99 13 88 361 
365 86 9 105 9 86 364 
364 84 11 107 11 84 363 
363 85 10 109 10 85 362 
363 84 10 111 10 84 362 
362 86 7 1 1 111 1 1 7 86 361 
361 86 8 115 8 86 360 
361 1 1 83 7 119 7 83 1 1 360 
363 83 7 119 7 83 362 
363 82 6 123 6 82 362 
363 81 6 125 6 81 362 
362 82 6 125 6 82 361 
363 80 5 129 5 80 362 
363 2 2 76 1 1 2 131 2 1 1 76 2 2 362 
364 1 5 72 3 135 3 72 5 1 363 
369 1 1 70 4 135 4 70 1 1 368 
373 67 3 139 3 67 372 
345 1 28 65 3 141 3 65 28 1 344 
374 1 2 62 1 145 1 62 2 1 373 
378 60 2 145 2 60 377 
377 60 2 147 2 60 376 
376 4 2 54 2 149 2 54 2 4 375 
381 263 380 
383 1 1 49 1 155 1 49 1 1 382 
383 1 1 1 1 46 1 157 1 46 1 1 1 1 382 
381 1 6 43 1 161 1 43 6 1 380 
332 1 5 1 49 1 1 1 1 241 1 1 1 1 49 1 5 1 331 
362 1 13 1 10 1 5 239 5 1 10 1 13 1 361 
342 1 21 1 6 1 12 1 1 1 9 233 9 1 1 1 12 1 6 1 21 1 341 
373 1 8 1 11 1 2 231 2 1 11 1 8 1 372 
362 1 15 1 6 2 1 1 2 1 6 229 6 1 2 1 1 2 6 1 15 1 361 
375 1 4 1 12 1 2 2 3 223 3 2 2 1 12 1 4 1 374 
345 1 44 1 3 1 1 2 2 1 1 221 1 1 2 2 1 1 3 1 44 1 344 
353 2 44 2 1 221 1 2 44 2 352 
373 1 24 5 2 215 2 5 24 1 372 
357 1 37 1 7 1 1 1 2 209 2 1 1 1 7 1 37 1 356 
399 1 2 1 3 2 1 1 1 203 1 1 1 2 3 1 2 1 398 
354 1 28 1 16 5 3 209 3 5 16 1 28 1 353 
357 1 39 1 3 6 1 1 1 205 1 1 1 6 3 1 39 1 356 
393 2 1 3 3 3 4 207 4 3 3 3 1 2 392 
390 3 1 3 4 2 3 1 1 209 1 1 3 2 4 3 1 3 389 
373 1 16 2 7 1 5 215 5 1 7 2 16 1 372 
386 1 6 1 6 1 3 217 3 1 6 1 6 1 385 
355 1 4 2 40 221 40 2 4 1 354 
328 2 9 1 8 2 5 1 4 2 3 2 25 1 3 1 4 223 4 1 3 1 25 2 3 2 4 1 5 2 8 1 9 2 327 
316 1 11 2 8 1 27 1 14 1 10 1 7 225 7 1 10 1 14 1 27 1 8 2 11 1 315 
315 3 20 1 53 1 4 231 4 1 53 1 20 3 314 
315 3 22 2 54 233 54 2 22 3 314 
316 1 24 1 43 1 8 1 1 233 1 1 8 1 43 1 24 1 315 
386 1 7 237 7 1 385 
391 1 1 239 1 1 390 
369 1 22 241 22 1 368 
368 2 6 1 13 1 1 241 1 1 13 1 6 2 367 
369 1 4 1 15 245 15 1 4 1 368 
387 251 386 
386 253 385 
364 1 20 255 20 1 363 
382 1 2 255 2 1 381 
381 263 380 
381 263 380 
381 263 380 
378 1 1 265 1 1 377 
376 3 1 265 1 3 375 
376 273 375 
376 273 375 
371 1 4 273 4 1 370 
374 277 373 
372 281 371 
343 1 26 285 26 1 342 
343 1 24 289 24 1 342 
341 4 22 1 1 287 1 1 22 4 340 
340 5 23 289 23 5 339 
341 3 24 1 1 285 1 1 24 3 340 
341 1 25 291 25 1 340 
367 291 366 
366 293 365 
321 2 43 293 43 2 320 
321 2 38 1 2 1 1 293 1 1 2 1 38 2 320 
320 5 33 2 1 2 1 297 1 2 1 2 33 5 319 
319 6 33 5 1 297 1 5 33 6 318 
319 7 32 309 32 7 318 
319 7 32 309 32 7 318 
320 5 33 309 33 5 319 
359 307 358 
358 309 357 
358 309 357 
356 313 355 
357 311 356 
357 311 356 
357 311 356 
355 315 354 
354 1 1 313 1 1 353 
355 315 354 
354 317 353 
343 1 4 2 3 319 3 2 4 1 342 
343 2 2 3 1 1 1 319 1 1 1 3 2 2 342 
343 9 1 319 1 9 342 
344 8 1 319 1 8 343 
343 339 342 
343 339 342 
342 341 341 
344 337 343 
345 335 344 
346 333 345 
346 333 345 
345 335 344 
346 1 1 329 1 1 345 
346 333 345 
344 1 3 329 3 1 343 
344 1 1 1 1 329 1 1 1 1 343 
339 1 4 337 4 1 338 
339 1 6 333 6 1 338 
346 333 345 
344 337 343 
344 337 343 
336 1 5 341 5 1 335 
342 341 341 
343 339 342 
343 339 342 
343 339 342 
302 1 39 341 39 1 301 
341 343 340 
304 1 31 1 2 1 2 341 2 1 2 1 31 1 303 
338 1 3 341 3 1 337 
342 341 341 
328 2 11 343 11 2 327 
328 2 11 343 11 2 327 
325 1 1 7 7 343 7 7 1 1 324 
314 1 4 3 3 10 6 343 6 10 3 3 4 1 313 
318 4 2 12 4 345 4 12 2 4 317 
318 19 3 345 3 19 317 
318 20 2 345 2 20 317 
319 2 1 16 2 345 2 16 1 2 318 
321 18 1 345 1 18 320 
321 18 1 345 1 18 320 
307 1 13 18 1 345 1 18 13 1 306 
320 385 319 
321 383 320 
322 381 321 
320 385 319 
323 379 322 
324 377 323 
327 1 4 5 1 349 1 5 4 1 326 
338 349 337 
338 349 337 
337 351 336 
337 351 336 
337 351 336 
330 1 2 1 3 351 3 1 2 1 329 
332 1 3 353 3 1 331 
332 1 3 353 3 1 331 
330 1 5 353 5 1 329 
334 357 333 
335 355 334 
334 357 333 
335 355 334 
327 1 5 1 2 353 2 1 5 1 326 
332 361 331 
333 359 332 
333 359 332 
335 355 334 
319 2 14 355 14 2 318 
319 3 13 355 13 3 318 
319 2 13 357 13 2 318 
335 355 334 
334 357 333 
335 355 334 
330 2 3 355 3 2 329 
329 5 1 355 1 5 328 
326 8 1 355 1 8 325 
326 373 325 
328 369 327 
328 369 327 
328 3 2 359 2 3 327 
332 1 1 357 1 1 331 
335 355 334 
334 357 333 
332 361 331 
335 355 334 
331 1 1 359 1 1 330 
334 357 333 
327 2 5 357 5 2 326 
327 2 3 361 3 2 326 
335 355 334 
332 361 331 
330 365 329 
332 361 331 
334 357 333 
334 357 333 
334 357 333 
333 359 332 
336 353 335 
335 355 334 
334 357 333 
334 357 333 
336 353 335 
335 355 334 
336 353 335 
335 355 334 
335 355 334 
336 353 335 
337 351 336 
337 351 336 
321 1 14 353 14 1 320 
337 351 336 
314 2 5 2 14 351 14 2 5 2 313 
313 3 5 2 3 1 11 349 11 1 3 2 5 3 312 
314 13 3 1 7 349 7 1 3 13 313 
302 1 10 18 7 349 7 18 10 1 301 
301 4 5 21 1 1 5 349 5 1 1 21 5 4 300 
301 5 3 24 5 349 5 24 3 5 300 
301 5 1 28 4 347 4 28 1 5 300 
301 35 3 347 3 35 300 
302 35 3 345 3 35 301 
304 34 2 345 2 34 303 
303 36 1 345 1 36 302 
302 38 1 343 1 38 301 
301 39 1 343 1 39 300 
301 423 300 
299 1 1 40 1 341 1 40 1 1 298 
299 427 298 
300 425 299 
299 427 298 
298 429 297 
299 427 298 
298 429 297 
299 427 298 
292 2 4 429 4 2 291 
290 7 1 46 1 335 1 46 1 7 289 
289 55 1 335 1 55 288 
289 55 1 335 1 55 288 
257 1 31 55 2 333 2 55 31 1 256 
257 3 29 55 2 333 2 55 29 3 256 
257 3 29 55 3 331 3 55 29 3 256 
257 1 31 55 3 331 3 55 31 1 256 
287 11 1 45 4 329 4 45 1 11 286 
287 2 1 8 2 43 5 329 5 43 2 8 1 2 286 
291 6 3 44 4 329 4 44 3 6 290 
281 1 10 2 1 1 4 43 6 327 6 43 4 1 1 2 10 1 280 
301 42 6 327 6 42 300 
301 41 8 325 8 41 300 
303 37 11 323 11 37 302 
302 39 9 325 9 39 301 
302 25 2 5 1 2 2 1 11 323 11 1 2 2 1 5 2 25 301 
305 22 25 321 25 22 304 
307 19 25 323 25 19 306 
308 16 29 319 29 16 307 
307 16 31 317 31 16 306 
307 3 3 7 1 1 32 317 32 1 1 7 3 3 306 
307 3 6 2 36 317 36 2 6 3 306 
316 2 35 319 35 2 315 
354 317 353 
357 311 356 
306 1 50 311 50 1 305 
272 1 85 309 85 1 271 
359 307 358 
358 1 1 305 1 1 357 
357 311 356 
357 311 356 
266 1 89 5 1 301 1 5 89 1 265 
362 301 361 
363 299 362 
364 297 363 
363 299 362 
366 293 365 
366 293 365 
367 291 366 
368 289 367 
367 1 1 287 1 1 366 
365 295 364 
363 299 362 
363 299 362 
363 8 1 281 1 8 362 
363 9 2 277 2 9 362 
362 9 3 138 1 138 3 9 361 
362 2 1 4 7 136 1 136 7 4 1 2 361 
366 1 8 137 1 137 8 1 365 
378 134 1 134 377 
379 132 3 132 378 
378 133 3 133 377 
362 1 14 134 3 134 14 1 361 
378 3 1 128 5 128 1 3 377 
377 2 4 127 5 127 4 2 376 
384 125 7 125 383 
384 1 1 123 7 123 1 1 383 
384 1 1 122 9 122 1 1 383 
387 121 9 121 386 
390 116 13 116 389 
391 114 1 1 11 1 1 114 390 
392 112 17 112 391 
394 109 1 1 15 1 1 109 393 
395 107 21 107 394 
390 6 1 105 21 105 1 6 389 
386 1 1 112 1 1 21 1 1 112 1 1 385 
387 112 27 112 386 
385 16 1 95 31 95 1 16 384 
383 19 2 92 1 2 27 2 1 92 2 19 382 
384 19 2 90 2 2 27 2 2 90 2 19 383 
384 20 3 86 39 86 3 20 383 
383 21 5 84 5 1 27 1 5 84 5 21 382 
381 1 1 21 7 83 37 83 7 21 1 1 380 
380 25 9 74 2 3 39 3 2 74 9 25 379 
381 24 9 2 1 69 1 1 4 1 39 1 4 1 1 69 1 2 9 24 380 
380 1 2 22 9 2 2 1 1 63 59 63 1 1 2 2 9 22 2 1 379 
383 22 16 59 1 4 55 4 1 59 16 22 382 
383 21 16 4 2 51 4 4 55 4 4 51 2 4 16 21 382 
384 20 16 4 5 45 1 1 4 5 55 5 4 1 1 45 5 4 16 20 383 
384 17 1 1 18 3 5 1 2 1 1 35 2 1 3 1 5 3 57 3 5 1 3 1 2 35 1 1 2 1 5 3 18 1 1 17 383 
385 15 4 1 15 1 18 25 1 5 13 1 57 1 13 5 1 25 18 1 15 1 4 15 384 
385 15 38 6 5 1 1 1 3 2 2 1 5 6 83 6 5 1 2 2 3 1 1 1 5 6 38 15 384 
383 16 37 10 9 2 7 7 83 7 7 2 9 10 37 16 382 
383 4 1 9 38 11 9 1 8 7 83 7 8 1 9 11 38 9 1 4 382 
383 5 3 2 1 2 39 12 17 6 85 6 17 12 39 2 1 2 3 5 382 
383 4 7 2 39 12 17 6 85 6 17 12 39 2 7 4 382 
384 3 48 12 20 1 89 1 20 12 48 3 383 
384 1 50 12 20 2 87 2 20 12 50 1 383 
434 12 133 12 433 
436 9 135 9 435 
382 1 54 7 137 7 54 1 381 
439 3 141 3 438 
438 2 25 1 93 1 25 2 437 
371 1 66 3 143 3 66 1 370 
370 2 67 1 145 1 67 2 369 
1024 
439 1 145 1 438 
1024 
1024 
1024 
433 1 157 1 432 
1024 
1024 
1024 
1024 
1024 
1024 
1024 
1024 
1024 
1024 
1024 
1024 
1024 
1024 
1024 
1024 
1024 
1024 
1024 
1024 
1024 
1024 
1024 
1024 
1024 
1024 
1024 
1024 
1024 
1024 
1024 
1024 
1024 
1024 
1024 
1024 
1024 
1024 
1024 
1024 
1024 
1024 
1024 
1024 
1024 
1024 
1024 
1024 
1024 
1024 
1024 
1024 
1024 
1024 
1024 
1024 
1024 
1024 
1024 
1024 
1024 
1024 
1024 
1024 
1024 
1024 
1024 
1024 
1024 
1024 
1024 
1024 
1024 
1024 
1024 
1024 
1024 
1024 
1024 
1024 
1024 
1024 
1024 
1024 
1024 
1024 
1024 
1024 
1024 
1024 
1024 
1024 
1024 
1024 
1024 
1024 
1024 
1024 
1024 
1024 
1024 
1024 
1024 
1024 
1024 
1024 
1024 
1024 
1024 
1024 
1024 
1024 
1024 
1024 
1024 
1024 
1024 
1024 
1024 
1024 
1024 
1024 
1024 
1024 
1024 
1024 
1024 
1024 
1024 
1024 
1024 
1024 
1024 
1024 
1024 
1024 
1024 
1024 
1024 
1024 
1024 
1024 
1024 
1024 
1024 
1024 
1024 
1024 
1024 
1024 
1024 
1024 
1024 
1024 
1024 
1024 
1024 
1024 
1024 
1024 
1024 
1024 
1024 
1024 
1024 
1024 
1024 
1024 
1024 
1024 
1024 
1024 
1024 
1024 
1024 
1024 
1024 
1024 
1024 
1024 
1024 
1024 
1024 
1024 
1024 
1024 
1024 
1024 
1024 
1024 
1024 
1024 
1024 
1024 
1024 
1024 
1024 
1024 
1024 
1024 
1024 
1024 
1024 
1024 
1024 
1024 
1024 
1024 
1024 
1024 
1024 
1024 
1024 
1024 
1024 
1024 
1024 
1024 
1024 
1024 
1024 
1024 
1024 
1024 
1024 
1024 
1024 
1024 
1024 
1024 
1024 
1024 
1024 
1024 
1024 
1024 
1024 
1024 
1024 
1024 
1024 
1024 
1024 
1024 
1024 
1024 
1024 
1024 
1024 
1024 
1024 
1024 
1024 
1024 
1024 
1024 
1024 
1024 
1024 
1024 
1024 
1024 
1024 
1024 
1024 
1024 
1024 
1024 
1024 
1024 
1024 
1024 
1024 
1024 
1024 
1024 
1024 
1024 
1024 
1024 
1024 
1024 
1024 
1024 
1024 
1024 
1024 
1024 
1024 
1024 
1024 
1024 
1024 
1024 
1024 
1024 
1024 
1024 
1024 
1024 
1024 
1024 
1024 
1024 
1024 
1024 
1024 
1024 
1024 
1024 
1024 
1024 
1024 
1024 
1024 
1024 
1024 
1024 
1024 
1024 
1024 
1024 
1024 
1024 
1024 
1024 
1024 
1024 
1024 
1024 
1024 
1024 
1024 
1024 
1024 
1024 
1024 
1024 
1024 
1024 
1024 
1024 
1024 
1024 
1024 
1024 
1024 
1024 
1024 
1024 
1024 
1024 
1024 
1024 
1024 
1024 
1024 
1024 
1024 
1024 
1024 
1024 
1024 
1024 
1024 
1024 
1024 
1024 
1024 
1024 
1024 
1024 
1024 
1024 
1024 
1024 
1024 
1024 
1024 
1024 
1024 
1024 
1024 
1024 
1024 
