1024 
1024 
1024 
1024 
1024 
1024 
1024 
1024 
1024 
1024 
1024 
1024 
1024 
1024 
1024 
1024 
1024 
1024 
1024 
1024 
1024 
1024 
1024 
1024 
1024 
1024 
1024 
1024 
1024 
1024 
1024 
1024 
1024 
1024 
1024 
1024 
1024 
1024 
1024 
1024 
1024 
1024 
1024 
1024 
1024 
1024 
1024 
1024 
1024 
1024 
1024 
1024 
1024 
1024 
1024 
1024 
1024 
1024 
1024 
1024 
1024 
1024 
1024 
1024 
1024 
1024 
1024 
1024 
1024 
1024 
1024 
1024 
1024 
1024 
1024 
1024 
1024 
1024 
1024 
1024 
1024 
1024 
1024 
1024 
1024 
1024 
1024 
1024 
1024 
1024 
1024 
1024 
1024 
1024 
1024 
1024 
1024 
1024 
1024 
1024 
1024 
1024 
1024 
1024 
1024 
1024 
1024 
1024 
1024 
1024 
1024 
1024 
1024 
369 1 285 1 368 
1024 
368 2 285 2 367 
368 2 285 2 367 
367 3 285 3 366 
366 5 283 5 365 
365 7 281 7 364 
365 6 283 6 364 
366 5 283 5 365 
1024 
1024 
1024 
1024 
1024 
1024 
1024 
1024 
1024 
1024 
1024 
1024 
1024 
1024 
1024 
1024 
1024 
1024 
1024 
1024 
1024 
1024 
1024 
360 2 35 1 229 1 35 2 359 
360 1 13 1 275 1 13 1 359 
1024 
1024 
1024 
1024 
1024 
1024 
1024 
1024 
1024 
1024 
1024 
1024 
1024 
1024 
1024 
1024 
1024 
1024 
1024 
1024 
1024 
1024 
1024 
1024 
398 2 225 2 397 
398 2 225 2 397 
386 1 251 1 385 
385 2 251 2 384 
1024 
338 1 347 1 337 
337 2 347 2 336 
1024 
1024 
1024 
1024 
1024 
1024 
1024 
389 1 245 1 388 
1024 
399 1 225 1 398 
399 2 223 2 398 
390 1 6 5 221 5 6 1 389 
389 5 3 5 221 5 3 5 388 
389 5 2 6 221 6 2 5 388 
389 5 2 6 221 6 2 5 388 
389 15 217 15 388 
390 15 215 15 389 
389 18 211 18 388 
388 19 211 19 387 
385 1 1 22 42 1 121 1 42 22 1 1 384 
387 22 1 3 199 3 1 22 386 
366 1 19 26 201 26 19 1 365 
386 25 65 1 71 1 65 25 385 
386 25 203 25 385 
385 26 203 26 384 
382 30 201 30 381 
382 30 201 30 381 
385 28 199 28 384 
385 28 199 28 384 
384 28 201 28 383 
385 27 201 27 384 
385 27 201 27 384 
383 30 199 30 382 
384 28 201 28 383 
385 27 201 27 384 
386 24 205 24 385 
385 25 205 25 384 
387 22 207 22 386 
388 21 207 21 387 
389 18 211 18 388 
390 16 213 16 389 
391 14 5 2 1 1 1 2 1 2 4 1 175 1 4 2 1 2 1 1 1 2 5 14 390 
395 25 1 1 1 3 7 4 151 4 7 3 1 1 1 25 394 
397 28 7 5 151 5 7 28 396 
393 34 1 1 3 5 32 1 85 1 32 5 3 1 1 34 392 
390 40 1 6 151 6 1 40 389 
386 1 1 48 153 48 1 1 385 
382 2 2 49 21 1 111 1 21 49 2 2 381 
382 55 1 1 15 5 107 5 15 1 1 55 381 
377 2 2 59 1 2 9 7 107 7 9 2 1 59 2 2 376 
377 65 10 9 103 9 10 65 376 
378 65 8 11 1 2 95 2 1 11 8 65 377 
377 68 6 11 1 2 95 2 1 11 6 68 376 
369 3 3 72 4 13 97 13 4 72 3 3 368 
368 4 2 73 3 13 99 13 3 73 2 4 367 
368 80 3 12 99 12 3 80 367 
368 82 1 12 99 12 1 82 367 
369 81 1 12 99 12 1 81 368 
322 1 47 94 97 94 47 1 321 
367 1 1 93 101 93 1 1 366 
368 93 103 93 367 
367 87 1 5 105 5 1 87 366 
365 90 115 90 364 
366 90 113 90 365 
365 92 111 92 364 
353 2 9 93 111 93 9 2 352 
352 6 6 95 107 95 6 6 351 
351 8 4 96 107 96 4 8 350 
350 10 2 97 1 1 103 1 1 97 2 10 349 
350 10 2 98 105 98 2 10 349 
348 1 1 11 1 99 103 99 1 11 1 1 347 
347 114 1 2 97 2 1 114 346 
350 115 95 115 349 
350 112 1 1 97 1 1 112 349 
350 113 99 113 349 
351 113 47 3 47 113 350 
350 8 1 106 46 1 1 1 46 106 1 8 349 
353 1 5 106 36 1 21 1 36 106 5 1 352 
358 107 95 107 357 
358 107 7 1 79 1 7 107 357 
358 108 2 4 81 4 2 108 357 
358 108 1 6 79 6 1 108 357 
357 117 77 117 356 
356 119 75 119 355 
357 119 73 119 356 
357 117 77 117 356 
355 1 1 116 79 116 1 1 354 
354 114 89 114 353 
355 113 89 113 354 
356 113 87 113 355 
356 113 87 113 355 
356 114 25 1 33 1 25 114 355 
356 113 87 113 355 
356 114 85 114 355 
356 115 83 115 355 
352 117 87 117 351 
351 119 41 1 1 1 41 119 350 
351 119 85 119 350 
351 5 1 113 37 1 2 5 2 1 37 113 1 5 350 
350 6 1 113 33 1 6 1 3 1 6 1 33 113 1 6 349 
352 3 2 116 34 1 1 2 3 2 1 1 34 116 2 3 351 
357 117 32 1 2 1 1 3 1 1 2 1 32 117 356 
357 117 34 9 34 117 356 
357 118 29 3 1 9 1 3 29 118 356 
357 113 1 2 11 1 19 17 19 1 11 2 1 113 356 
357 113 29 1 2 21 2 1 29 113 356 
358 112 33 19 33 112 357 
359 111 28 1 1 25 1 1 28 111 358 
359 111 29 27 29 111 358 
358 1 1 110 26 2 2 25 2 2 26 110 1 1 357 
357 113 23 2 2 31 2 2 23 113 356 
357 3 1 109 22 2 1 35 1 2 22 109 1 3 356 
357 3 1 108 17 1 2 1 2 41 2 1 2 1 17 108 1 3 356 
362 109 19 3 1 37 1 3 19 109 361 
361 107 1 3 13 1 1 2 1 45 1 2 1 1 13 3 1 107 360 
363 105 1 3 11 2 1 53 1 2 11 3 1 105 362 
364 105 15 1 1 53 1 1 15 105 363 
362 106 10 1 6 55 6 1 10 106 361 
362 2 1 102 1 1 8 1 3 1 1 59 1 1 3 1 8 1 1 102 1 2 361 
366 102 12 1 1 61 1 1 12 102 365 
367 100 11 1 1 1 1 61 1 1 1 1 11 100 366 
367 101 9 71 9 101 366 
369 100 7 73 7 100 368 
370 96 1 2 6 75 6 2 1 96 369 
372 95 7 77 7 95 371 
372 1 1 93 1 1 2 83 2 1 1 93 1 1 371 
376 89 1 1 4 3 1 75 1 3 4 1 1 89 375 
381 1 1 82 4 1 1 83 1 1 4 82 1 1 380 
382 84 4 85 4 84 381 
381 82 2 1 3 87 3 1 2 82 380 
380 83 1 1 1 1 1 89 1 1 1 1 1 83 379 
379 84 1 2 1 91 1 2 1 84 378 
379 84 1 1 2 91 2 1 1 84 378 
380 265 379 
380 83 1 97 1 83 379 
380 265 379 
380 82 1 99 1 82 379 
378 1 1 265 1 1 377 
380 1 2 76 1 105 1 76 2 1 379 
382 1 1 257 1 1 381 
381 1 5 251 5 1 380 
387 251 386 
381 1 7 247 7 1 380 
369 1 10 1 9 1 2 239 2 1 9 1 10 1 368 
393 239 392 
394 237 393 
363 1 12 1 17 237 17 1 12 1 362 
395 2 1 229 1 2 394 
397 1 2 225 2 1 396 
383 1 12 1 1 2 1 223 1 2 1 1 12 1 382 
378 1 5 1 6 1 10 221 10 1 6 1 5 1 377 
391 2 4 4 4 215 4 4 4 2 390 
391 2 6 1 1 1 2 1 1 213 1 1 2 1 1 1 6 2 390 
387 1 4 1 2 1 7 1 2 213 2 1 7 1 2 1 4 1 386 
346 1 6 1 26 1 7 1 11 2 3 2 1 3 1 201 1 3 1 2 3 2 11 1 7 1 26 1 6 1 345 
346 1 21 1 35 1 4 4 1 197 1 4 4 1 35 1 21 1 345 
354 1 47 1 1 1 4 1 1 203 1 1 4 1 1 1 47 1 353 
386 1 10 1 3 1 4 4 2 1 1 197 1 1 2 4 4 1 3 1 10 1 385 
359 1 5 1 32 1 2 1 1 1 1 2 2 1 1 1 2 197 2 1 1 1 2 2 1 1 1 1 2 1 32 1 5 1 358 
359 1 9 1 29 1 2 1 1 3 5 8 1 183 1 8 5 3 1 1 2 1 29 1 9 1 358 
373 1 11 1 4 1 11 1 1 1 2 2 2 2 1 2 1 191 1 2 1 2 2 2 2 1 1 1 11 1 4 1 11 1 372 
392 1 10 1 4 1 1 1 1 1 1 197 1 1 1 1 1 1 4 1 10 1 391 
376 1 13 1 13 4 1 1 2 201 2 1 1 4 13 1 13 1 375 
395 1 8 2 3 4 1 197 1 4 3 2 8 1 394 
405 1 1 211 1 1 404 
401 2 1 1 1 2 1 207 1 2 1 1 1 2 400 
390 1 10 3 1 1 1 211 1 1 1 3 10 1 389 
352 1 44 2 2 4 1 2 1 207 1 2 1 4 2 2 44 1 351 
374 2 5 1 17 2 1 1 2 1 1 211 1 1 2 1 1 2 17 1 5 2 373 
375 1 3 3 3 1 11 2 1 2 2 6 1 203 1 6 2 2 1 2 11 1 3 3 3 1 374 
344 1 36 1 15 2 1 2 1 2 1 213 1 2 1 2 1 2 15 1 36 1 343 
342 3 9 2 43 3 1 219 1 3 43 2 9 3 341 
342 3 8 3 23 1 12 2 2 1 1 2 1 1 1 219 1 1 1 2 1 1 2 2 12 1 23 3 8 3 341 
328 2 23 3 31 1 4 2 2 233 2 2 4 1 31 3 23 2 327 
328 3 35 1 20 1 4 1 2 1 1 4 1 221 1 4 1 1 2 1 4 1 20 1 35 3 327 
328 3 56 2 5 1 3 229 3 1 5 2 56 3 327 
328 3 59 1 2 1 1 1 2 229 2 1 1 1 2 1 59 3 327 
395 235 394 
394 237 393 
387 1 3 4 1 233 1 4 3 1 386 
389 1 1 243 1 1 388 
390 245 389 
379 1 3 1 5 247 5 1 3 1 378 
378 3 7 249 7 3 377 
378 1 5 2 1 251 1 2 5 1 377 
369 1 13 259 13 1 368 
369 1 13 1 1 255 1 1 13 1 368 
367 4 4 1 7 259 7 1 4 4 366 
367 5 9 263 9 5 366 
367 4 9 265 9 4 366 
378 1 1 265 1 1 377 
354 2 18 277 18 2 353 
354 1 20 275 20 1 353 
352 5 17 277 17 5 351 
352 5 18 275 18 5 351 
352 6 4 1 10 279 10 1 4 6 351 
352 6 14 281 14 6 351 
354 2 16 281 16 2 353 
367 1 2 285 2 1 366 
333 1 33 1 3 283 3 1 33 1 332 
333 2 32 291 32 2 332 
333 1 31 295 31 1 332 
332 5 28 295 28 5 331 
330 9 26 295 26 9 329 
331 7 25 1 1 295 1 1 25 7 330 
331 7 24 2 2 293 2 2 24 7 330 
332 7 24 299 24 7 331 
334 4 27 295 27 4 333 
363 299 362 
363 2 1 293 1 2 362 
324 1 17 1 20 299 20 1 17 1 323 
360 1 1 301 1 1 359 
355 1 1 1 1 2 1 301 1 2 1 1 1 1 354 
358 1 1 305 1 1 357 
358 1 2 303 2 1 357 
357 2 1 305 1 2 356 
356 1 1 2 1 303 1 2 1 1 355 
349 5 1 2 2 307 2 2 1 5 348 
349 327 348 
286 1 64 323 64 1 285 
350 325 349 
350 325 349 
349 327 348 
349 327 348 
351 323 350 
351 323 350 
353 319 352 
352 321 351 
351 323 350 
349 1 2 321 2 1 348 
347 1 2 325 2 1 346 
349 1 2 321 2 1 348 
350 325 349 
345 1 4 325 4 1 344 
345 2 1 1 2 323 2 1 1 2 344 
349 1 1 323 1 1 348 
347 1 1 327 1 1 346 
336 1 10 331 10 1 335 
335 2 5 1 5 329 5 1 5 2 334 
347 331 346 
349 327 348 
348 329 347 
348 329 347 
308 1 38 331 38 1 307 
347 331 346 
344 337 343 
345 335 344 
332 2 11 335 11 2 331 
332 2 11 335 11 2 331 
329 1 1 8 6 335 6 8 1 1 328 
309 1 13 2 3 12 5 335 5 12 3 2 13 1 308 
321 5 1 13 4 337 4 13 1 5 320 
322 20 2 337 2 20 321 
322 20 2 337 2 20 321 
323 2 1 16 2 337 2 16 1 2 322 
317 1 7 18 1 337 1 18 7 1 316 
325 18 1 337 1 18 324 
325 375 324 
324 377 323 
325 375 324 
326 373 325 
324 377 323 
317 1 6 2 1 371 1 2 6 1 316 
327 371 326 
329 5 1 355 1 5 328 
339 2 1 341 1 2 338 
339 1 1 343 1 1 338 
341 343 340 
340 345 339 
335 1 5 343 5 1 334 
337 1 2 345 2 1 336 
330 1 9 345 9 1 329 
338 349 337 
339 347 338 
328 1 5 1 3 349 3 1 5 1 327 
337 351 336 
338 349 337 
337 1 1 347 1 1 336 
331 1 5 351 5 1 330 
330 2 5 351 5 2 329 
335 355 334 
335 355 334 
336 1 1 349 1 1 335 
337 351 336 
322 3 12 351 12 3 321 
322 4 9 1 1 351 1 1 9 4 321 
322 3 9 1 1 353 1 1 9 3 321 
337 351 336 
337 351 336 
336 353 335 
332 3 2 351 2 3 331 
328 1 1 365 1 1 327 
328 369 327 
328 1 1 365 1 1 327 
330 365 329 
330 365 329 
331 4 1 353 1 4 330 
336 353 335 
335 355 334 
334 357 333 
334 1 1 353 1 1 333 
335 355 334 
333 1 1 355 1 1 332 
336 353 335 
335 355 334 
329 2 5 353 5 2 328 
333 1 2 353 2 1 332 
333 2 1 353 1 2 332 
332 361 331 
333 359 332 
333 359 332 
336 353 335 
335 355 334 
336 353 335 
334 1 1 353 1 1 333 
332 2 2 353 2 2 331 
335 355 334 
333 359 332 
335 355 334 
337 351 336 
337 351 336 
337 351 336 
336 353 335 
292 1 43 353 43 1 291 
337 351 336 
337 351 336 
337 351 336 
337 351 336 
313 3 5 2 15 349 15 2 5 3 312 
313 3 5 2 14 351 14 2 5 3 312 
313 3 1 8 1 1 11 349 11 1 1 8 1 3 312 
302 1 8 16 11 349 11 16 8 1 301 
300 6 3 21 8 349 8 21 3 6 299 
301 4 3 24 7 347 7 24 3 4 300 
300 5 2 27 5 347 5 27 2 5 299 
301 34 4 347 4 34 300 
302 34 3 347 3 34 301 
303 34 3 345 3 34 302 
302 36 2 345 2 36 301 
302 37 1 345 1 37 301 
300 39 1 345 1 39 299 
300 40 1 343 1 40 299 
298 1 1 40 1 343 1 40 1 1 297 
298 429 297 
299 427 298 
298 429 297 
297 431 296 
298 429 297 
298 429 297 
297 431 296 
291 1 5 431 5 1 290 
289 5 3 46 1 337 1 46 3 5 288 
289 7 1 46 1 337 1 46 1 7 288 
254 1 33 55 1 337 1 55 33 1 253 
254 2 31 56 1 337 1 56 31 2 253 
254 3 30 56 2 335 2 56 30 3 253 
255 1 31 56 2 335 2 56 31 1 254 
287 56 3 333 3 56 286 
286 11 1 45 3 333 3 45 1 11 285 
285 12 1 45 3 333 3 45 1 12 284 
289 7 3 44 4 331 4 44 3 7 288 
279 1 10 4 5 43 5 331 5 43 5 4 10 1 278 
291 1 8 42 5 331 5 42 8 1 290 
290 1 9 42 6 329 6 42 9 1 289 
301 40 7 329 7 40 300 
302 39 8 327 8 39 301 
301 39 9 327 9 39 300 
301 27 2 3 15 329 15 3 2 27 300 
304 24 22 325 22 24 303 
306 20 25 323 25 20 305 
272 1 34 18 25 325 25 18 34 1 271 
306 17 27 325 27 17 305 
306 3 2 1 1 7 1 1 30 321 30 1 1 7 1 1 2 3 305 
306 3 7 2 35 319 35 2 7 3 305 
307 1 8 1 36 319 36 1 8 1 306 
352 321 351 
351 323 350 
269 1 82 1 2 315 2 1 82 1 268 
355 315 354 
355 315 354 
356 313 355 
357 311 356 
358 309 357 
298 1 56 315 56 1 297 
355 315 354 
354 5 1 305 1 5 353 
361 303 360 
361 303 360 
362 301 361 
361 303 360 
363 299 362 
363 299 362 
365 295 364 
365 295 364 
366 293 365 
363 299 362 
361 303 360 
361 303 360 
361 8 1 285 1 8 360 
361 8 2 283 2 8 360 
360 9 2 283 2 9 359 
360 7 5 281 5 7 359 
363 3 7 279 7 3 362 
364 1 8 279 8 1 363 
375 275 374 
376 136 1 136 375 
377 135 1 135 376 
375 137 1 137 374 
375 137 1 137 374 
375 3 2 131 3 131 2 3 374 
381 130 3 130 380 
382 128 5 128 381 
381 2 1 126 5 126 1 2 380 
385 125 5 125 384 
385 124 7 124 384 
387 122 7 122 386 
389 118 11 118 388 
390 118 9 118 389 
391 115 13 115 390 
393 112 15 112 392 
387 6 1 110 17 110 1 6 386 
385 119 17 119 384 
384 118 21 118 383 
379 1 3 119 21 119 3 1 378 
381 18 2 99 1 1 21 1 1 99 2 18 380 
381 19 2 96 29 96 2 19 380 
380 21 3 93 31 93 3 21 379 
380 21 5 92 29 92 5 21 379 
378 1 1 22 4 1 1 86 3 1 29 1 3 86 1 1 4 22 1 1 377 
378 24 6 84 41 84 6 24 377 
378 24 10 80 41 80 10 24 377 
380 22 10 77 1 3 39 3 1 77 10 22 379 
380 23 9 1 3 71 3 3 39 3 3 71 3 1 9 23 379 
380 22 18 64 2 1 51 1 2 64 18 22 379 
379 1 1 19 18 4 1 59 61 59 1 4 18 19 1 1 378 
381 19 17 5 2 1 1 53 1 4 57 4 1 53 1 1 2 5 17 19 380 
381 17 20 4 4 2 1 48 2 5 57 5 2 48 1 2 4 4 20 17 380 
382 15 21 2 10 1 1 1 1 39 1 1 4 5 57 5 4 1 1 39 1 1 1 1 10 2 21 15 381 
381 16 21 1 8 1 9 29 8 1 5 3 59 3 5 1 8 29 9 1 8 1 21 16 380 
380 4 1 10 40 7 5 3 1 2 1 1 3 1 1 1 2 6 13 1 59 1 13 6 2 1 1 1 3 1 1 2 1 3 5 7 40 10 1 4 379 
380 5 1 7 41 9 6 1 3 3 7 6 87 6 7 3 3 1 6 9 41 7 1 5 379 
380 5 7 1 40 11 10 1 7 8 85 8 7 1 10 11 40 1 7 5 379 
381 3 49 12 17 8 85 8 17 12 49 3 380 
381 1 51 12 18 6 87 6 18 12 51 1 380 
433 13 16 1 1 4 89 4 1 1 16 13 432 
433 12 21 1 91 1 21 12 432 
432 12 22 1 91 1 22 12 431 
432 1 1 9 139 9 1 1 431 
435 8 139 8 434 
437 4 143 4 436 
367 1 68 3 147 3 68 1 366 
436 3 147 3 435 
437 1 149 1 436 
1024 
1024 
1024 
1024 
1024 
431 1 161 1 430 
1024 
1024 
1024 
1024 
1024 
1024 
1024 
1024 
1024 
1024 
1024 
1024 
1024 
1024 
1024 
1024 
1024 
1024 
1024 
1024 
1024 
1024 
1024 
1024 
1024 
1024 
1024 
1024 
1024 
1024 
1024 
1024 
1024 
1024 
1024 
1024 
1024 
1024 
1024 
1024 
1024 
1024 
1024 
1024 
1024 
1024 
1024 
1024 
1024 
1024 
1024 
1024 
1024 
1024 
1024 
1024 
1024 
1024 
1024 
1024 
1024 
1024 
1024 
1024 
1024 
1024 
1024 
1024 
1024 
1024 
1024 
1024 
1024 
1024 
1024 
1024 
1024 
1024 
1024 
1024 
1024 
1024 
1024 
1024 
1024 
1024 
1024 
1024 
1024 
1024 
1024 
1024 
1024 
1024 
1024 
1024 
1024 
1024 
1024 
1024 
1024 
1024 
1024 
1024 
1024 
1024 
1024 
1024 
1024 
1024 
1024 
1024 
1024 
1024 
1024 
1024 
1024 
1024 
1024 
1024 
1024 
1024 
1024 
1024 
1024 
1024 
1024 
1024 
1024 
1024 
1024 
1024 
1024 
1024 
1024 
1024 
1024 
1024 
1024 
1024 
1024 
1024 
1024 
1024 
1024 
1024 
1024 
1024 
1024 
1024 
1024 
1024 
1024 
1024 
1024 
1024 
1024 
1024 
1024 
1024 
1024 
1024 
1024 
1024 
1024 
1024 
1024 
1024 
1024 
1024 
1024 
1024 
1024 
1024 
1024 
1024 
1024 
1024 
1024 
1024 
1024 
1024 
1024 
1024 
1024 
1024 
1024 
1024 
1024 
1024 
1024 
1024 
1024 
1024 
1024 
1024 
1024 
1024 
1024 
1024 
1024 
1024 
1024 
1024 
1024 
1024 
1024 
1024 
1024 
1024 
1024 
1024 
1024 
1024 
1024 
1024 
1024 
1024 
1024 
1024 
1024 
1024 
1024 
1024 
1024 
1024 
1024 
1024 
1024 
1024 
1024 
1024 
1024 
1024 
1024 
1024 
1024 
1024 
1024 
1024 
1024 
1024 
1024 
1024 
1024 
1024 
1024 
1024 
1024 
1024 
1024 
1024 
1024 
1024 
1024 
1024 
1024 
1024 
1024 
1024 
1024 
1024 
1024 
1024 
1024 
1024 
1024 
1024 
1024 
1024 
1024 
1024 
1024 
1024 
1024 
1024 
1024 
1024 
1024 
1024 
1024 
1024 
1024 
1024 
1024 
1024 
1024 
1024 
1024 
1024 
1024 
1024 
1024 
1024 
1024 
1024 
1024 
1024 
1024 
1024 
1024 
1024 
1024 
1024 
1024 
1024 
1024 
1024 
1024 
1024 
1024 
1024 
1024 
1024 
1024 
1024 
1024 
1024 
1024 
1024 
1024 
1024 
1024 
1024 
1024 
1024 
1024 
1024 
1024 
1024 
1024 
1024 
1024 
1024 
1024 
1024 
1024 
1024 
1024 
1024 
1024 
1024 
1024 
1024 
1024 
1024 
1024 
1024 
1024 
1024 
1024 
1024 
1024 
1024 
1024 
1024 
1024 
1024 
1024 
1024 
1024 
1024 
1024 
1024 
1024 
1024 
1024 
1024 
1024 
1024 
1024 
1024 
1024 
1024 
1024 
1024 
1024 
1024 
1024 
1024 
1024 
1024 
1024 
1024 
1024 
1024 
1024 
