1024 
1024 
1024 
1024 
1024 
1024 
1024 
1024 
1024 
1024 
1024 
1024 
1024 
1024 
1024 
1024 
1024 
1024 
1024 
1024 
1024 
1024 
1024 
1024 
1024 
1024 
1024 
1024 
1024 
1024 
1024 
1024 
1024 
1024 
1024 
1024 
1024 
1024 
1024 
1024 
1024 
1024 
1024 
1024 
1024 
1024 
1024 
1024 
1024 
1024 
1024 
1024 
1024 
1024 
1024 
1024 
1024 
1024 
1024 
1024 
1024 
1024 
1024 
1024 
1024 
1024 
1024 
1024 
1024 
1024 
1024 
1024 
1024 
1024 
1024 
1024 
1024 
1024 
1024 
1024 
1024 
1024 
1024 
1024 
1024 
1024 
1024 
1024 
1024 
1024 
1024 
1024 
1024 
1024 
1024 
1024 
1024 
1024 
1024 
1024 
1024 
1024 
1024 
1024 
1024 
1024 
1024 
1024 
1024 
1024 
1024 
1024 
1024 
1024 
1024 
1024 
1024 
1024 
1024 
1024 
1024 
1024 
1024 
1024 
1024 
1024 
1024 
1024 
1024 
1024 
1024 
1024 
1024 
1024 
1024 
1024 
1024 
1024 
1024 
1024 
1024 
1024 
1024 
1024 
1024 
1024 
1024 
1024 
1024 
1024 
1024 
1024 
1024 
1024 
1024 
1024 
1024 
1024 
1024 
1024 
1024 
1024 
1024 
1024 
1024 
1024 
1024 
1024 
1024 
1024 
1024 
1024 
1024 
1024 
1024 
1024 
1024 
1024 
1024 
1024 
1024 
1024 
1024 
1024 
1024 
1024 
1024 
1024 
1024 
1024 
1024 
1024 
1024 
1024 
1024 
1024 
1024 
1024 
1024 
1024 
1024 
1024 
1024 
1024 
1024 
1024 
1024 
1024 
1024 
1024 
1024 
1024 
1024 
1024 
1024 
1024 
1024 
1024 
1024 
1024 
1024 
1024 
1024 
1024 
1024 
1024 
1024 
1024 
1024 
1024 
1024 
1024 
1024 
1024 
1024 
1024 
1024 
1024 
1024 
1024 
1024 
1024 
1024 
1024 
1024 
1024 
1024 
240 2 541 2 239 
240 2 541 2 239 
237 5 541 5 236 
237 5 541 5 236 
237 6 539 6 236 
238 5 539 5 237 
238 4 541 4 237 
1024 
1024 
1024 
1024 
1024 
1024 
1024 
283 1 457 1 282 
1024 
1024 
1024 
1024 
449 1 125 1 448 
1024 
1024 
249 1 525 1 248 
249 1 525 1 248 
1024 
1024 
1024 
1024 
214 1 72 1 449 1 72 1 213 
287 1 449 1 286 
1024 
1024 
454 1 115 1 453 
453 2 115 2 452 
267 1 70 2 113 2 41 1 31 1 41 2 113 2 70 1 266 
266 2 184 6 32 2 41 2 32 6 184 2 265 
452 6 31 4 39 4 31 6 451 
451 8 22 1 8 2 41 2 8 1 22 8 450 
451 7 109 7 450 
288 1 1 1 141 1 19 5 111 5 19 1 141 1 1 1 287 
288 3 162 5 16 1 75 1 16 5 162 3 287 
288 4 161 3 113 3 161 4 287 
284 1 3 4 441 4 3 1 283 
283 8 443 8 282 
273 1 6 11 189 1 63 1 189 11 6 1 272 
273 3 3 14 1 1 139 1 70 1 13 1 70 1 139 1 1 14 3 3 272 
273 4 1 17 197 1 1 1 1 1 5 1 19 1 5 1 1 1 1 1 197 17 1 4 272 
273 23 1 1 169 1 9 1 7 1 5 1 6 2 5 1 3 2 3 2 3 1 5 2 6 1 5 1 7 1 9 1 169 1 1 23 272 
273 25 179 1 5 3 4 1 1 1 1 4 1 1 5 15 5 1 1 4 1 1 1 1 4 3 5 1 179 25 272 
276 22 40 1 140 1 1 3 1 9 1 4 2 3 1 15 1 3 2 4 1 9 1 3 1 1 140 1 40 22 275 
275 22 141 1 33 1 1 1 3 8 1 1 1 12 1 21 1 12 1 1 1 8 3 1 1 1 33 1 141 22 274 
275 23 130 1 43 81 43 1 130 23 274 
275 23 147 1 3 1 21 83 21 1 3 1 147 23 274 
274 25 130 1 37 1 1 3 1 79 1 3 1 1 37 1 130 25 273 
274 24 40 1 129 2 1 83 1 2 129 1 40 24 273 
274 25 149 1 9 1 7 93 7 1 9 1 149 25 273 
274 25 38 1 127 95 127 1 38 25 273 
272 26 37 3 115 1 6 2 1 99 1 2 6 1 115 3 37 26 271 
273 1 1 23 36 4 120 2 3 99 3 2 120 4 36 23 1 1 272 
275 22 18 4 13 9 105 1 3 1 7 1 1 1 1 101 1 1 1 1 7 1 3 1 105 9 13 4 18 22 274 
275 22 11 2 5 4 13 12 108 6 1 1 2 101 2 1 1 6 108 12 13 4 5 2 11 22 274 
276 20 8 1 3 2 5 4 12 13 85 2 24 2 1 109 1 2 24 2 85 13 12 4 5 2 3 1 8 20 275 
275 21 8 10 2 3 4 1 7 12 101 1 6 1 1 119 1 1 6 1 101 12 7 1 4 3 2 10 8 21 274 
277 18 4 21 3 2 6 12 105 1 3 121 3 1 105 12 6 2 3 21 4 18 276 
278 15 1 31 1 1 4 12 97 5 2 1 1 1 1 3 1 115 1 3 1 1 1 1 2 5 97 12 4 1 1 31 1 15 277 
280 49 3 10 90 1 8 3 1 2 1 129 1 2 1 3 8 1 90 10 3 49 279 
283 47 2 10 104 133 104 10 2 47 282 
287 45 1 9 101 2 1 133 1 2 101 9 1 45 286 
285 55 101 1 1 2 1 133 1 2 1 1 101 55 284 
283 53 102 2 2 141 2 2 102 53 282 
282 56 101 1 3 2 1 133 1 2 3 1 101 56 281 
280 60 105 135 105 60 279 
278 63 102 1 1 135 1 1 102 63 277 
278 65 85 2 12 141 12 2 85 65 277 
274 70 1 1 98 137 98 1 1 70 273 
274 74 86 3 1 1 4 139 4 1 1 3 86 74 273 
275 72 63 2 16 1 2 1 2 8 1 139 1 8 2 1 2 1 16 2 63 72 274 
269 1 3 74 63 2 11 1 3 1 1 1 1 163 1 1 1 1 3 1 11 2 63 74 3 1 268 
268 3 2 76 6 2 63 1 1 2 3 171 3 2 1 1 63 2 6 76 2 3 267 
267 82 3 4 53 1 11 183 11 1 53 4 3 82 266 
268 82 2 6 59 1 1 2 1 1 2 175 2 1 1 2 1 1 59 6 2 82 267 
269 82 1 6 42 1 13 2 1 1 1 3 1 179 1 3 1 1 1 2 13 1 42 6 1 82 268 
270 81 1 7 57 3 1 185 1 3 57 7 1 81 269 
268 90 56 1 1 193 1 1 56 90 267 
267 91 59 191 59 91 266 
252 1 14 87 58 1 6 187 6 1 58 87 14 1 251 
267 88 11 1 42 1 1 1 2 1 1 1 1 189 1 1 1 1 2 1 1 1 42 1 11 88 266 
260 1 5 89 55 2 1 3 1 191 1 3 1 2 55 89 5 1 259 
256 7 3 90 56 1 1 197 1 1 56 90 3 7 255 
257 6 3 90 52 1 1 2 2 197 2 2 1 1 52 90 3 6 256 
257 7 1 94 51 205 51 94 1 7 256 
256 8 1 93 51 207 51 93 1 8 255 
249 1 6 103 51 205 51 103 6 1 248 
251 1 4 103 2 1 41 2 2 211 2 2 41 1 2 103 4 1 250 
254 105 1 3 37 1 1 1 1 217 1 1 1 1 37 3 1 105 253 
256 108 30 1 4 1 1 2 1 217 1 2 1 1 4 1 30 108 255 
257 5 2 101 29 1 4 227 4 1 29 101 2 5 256 
258 1 4 97 1 2 33 1 2 227 2 1 33 2 1 97 4 1 257 
263 98 36 3 1 223 1 3 36 98 262 
263 98 36 231 36 98 262 
262 100 33 2 1 229 1 2 33 100 261 
263 100 32 235 32 100 262 
263 99 33 235 33 99 262 
261 102 31 237 31 102 260 
263 102 28 239 28 102 262 
263 103 24 245 24 103 262 
262 104 24 245 24 104 261 
263 101 25 247 25 101 262 
260 1 2 101 23 1 1 247 1 1 23 101 2 1 259 
259 105 23 251 23 105 258 
260 104 21 255 21 104 259 
259 105 22 253 22 105 258 
259 4 1 102 19 255 19 102 1 4 258 
261 1 2 103 17 257 17 103 2 1 260 
264 100 19 259 19 100 263 
264 101 17 261 17 101 263 
265 100 15 265 15 100 264 
266 100 14 265 14 100 265 
264 102 14 265 14 102 263 
264 101 14 267 14 101 263 
264 1 2 98 13 269 13 98 2 1 263 
268 97 12 271 12 97 267 
268 98 10 273 10 98 267 
268 1 1 95 11 273 11 95 1 1 267 
270 94 11 275 11 94 269 
270 1 1 93 9 277 9 93 1 1 269 
272 92 10 277 10 92 271 
274 90 9 279 9 90 273 
278 87 6 283 6 87 277 
277 87 7 283 7 87 276 
276 88 5 287 5 88 275 
275 89 6 285 6 89 274 
274 90 5 287 5 90 273 
274 89 5 289 5 89 273 
273 90 4 291 4 90 272 
273 90 4 291 4 90 272 
272 90 4 293 4 90 271 
271 91 3 295 3 91 270 
271 90 4 295 4 90 270 
272 89 2 299 2 89 271 
272 89 2 299 2 89 271 
270 1 2 88 1 301 1 88 2 1 269 
273 87 2 301 2 87 272 
272 87 2 303 2 87 271 
272 87 1 305 1 87 271 
273 86 1 305 1 86 272 
274 84 1 307 1 84 273 
275 475 274 
274 1 1 473 1 1 273 
277 79 1 311 1 79 276 
278 469 277 
282 461 281 
284 457 283 
291 443 290 
291 443 290 
290 445 289 
290 445 289 
292 441 291 
293 2 2 431 2 2 292 
301 48 1 325 1 48 300 
303 45 1 327 1 45 302 
306 41 1 329 1 41 305 
309 37 2 329 2 37 308 
311 34 2 331 2 34 310 
235 1 15 1 60 31 4 331 4 31 60 1 15 1 234 
235 2 76 30 3 333 3 30 76 2 234 
309 1 4 26 5 335 5 26 4 1 308 
315 23 7 335 7 23 314 
318 18 8 337 8 18 317 
320 13 11 337 11 13 319 
287 1 31 1 1 1 3 1 2 1 14 339 14 1 2 1 3 1 1 1 31 1 286 
323 1 4 1 13 341 13 1 4 1 322 
342 341 341 
327 1 14 341 14 1 326 
324 1 16 343 16 1 323 
272 1 68 343 68 1 271 
267 1 7 1 54 1 9 345 9 1 54 1 7 1 266 
340 345 339 
339 347 338 
262 1 76 347 76 1 261 
262 1 74 351 74 1 261 
319 1 17 351 17 1 318 
316 1 7 1 12 351 12 1 7 1 315 
302 1 2 1 30 353 30 1 2 1 301 
336 353 335 
336 353 335 
319 1 15 355 15 1 318 
333 359 332 
333 359 332 
335 355 334 
286 1 47 357 47 1 285 
311 2 21 357 21 2 310 
281 1 14 1 14 1 18 1 3 357 3 1 18 1 14 1 14 1 280 
331 363 330 
331 363 330 
333 359 332 
332 361 331 
332 361 331 
299 1 31 363 31 1 298 
275 2 21 2 31 363 31 2 21 2 274 
298 1 29 2 1 363 1 2 29 1 297 
327 371 326 
279 1 48 369 48 1 278 
329 367 328 
330 365 329 
330 365 329 
329 367 328 
268 1 59 369 59 1 267 
329 367 328 
328 369 327 
247 1 74 1 2 1 2 369 2 1 2 1 74 1 246 
247 1 26 3 45 5 1 369 1 5 45 3 26 1 246 
230 1 43 2 46 381 46 2 43 1 229 
229 2 43 1 48 379 48 1 43 2 228 
229 4 91 377 91 4 228 
229 4 92 375 92 4 228 
229 3 36 1 58 371 58 1 36 3 228 
230 1 96 371 96 1 229 
327 371 326 
326 373 325 
326 373 325 
324 377 323 
325 375 324 
326 373 325 
326 373 325 
325 375 324 
324 1 1 373 1 1 323 
316 1 3 1 4 375 4 1 3 1 315 
315 2 1 6 1 375 1 6 1 2 314 
316 8 1 375 1 8 315 
316 393 315 
316 393 315 
316 393 315 
318 389 317 
319 387 318 
321 3 1 375 1 3 320 
325 375 324 
324 377 323 
325 375 324 
320 1 3 377 3 1 319 
316 1 7 377 7 1 315 
323 379 322 
176 1 147 377 147 1 175 
324 377 323 
324 377 323 
321 383 320 
322 381 321 
323 1 1 375 1 1 322 
325 375 324 
325 375 324 
325 375 324 
325 375 324 
323 379 322 
325 375 324 
325 375 324 
324 377 323 
325 375 324 
314 2 2 1 5 377 5 1 2 2 313 
315 5 5 375 5 5 314 
312 10 3 375 3 10 311 
307 2 2 12 2 375 2 12 2 2 306 
307 3 1 13 1 375 1 13 1 3 306 
306 413 305 
307 18 1 373 1 18 306 
309 407 308 
309 407 308 
309 407 308 
310 405 309 
309 407 308 
309 1 1 15 1 371 1 15 1 1 308 
312 13 2 371 2 13 311 
315 10 1 373 1 10 314 
318 6 3 371 3 6 317 
327 371 326 
328 369 327 
327 371 326 
328 369 327 
328 369 327 
327 371 326 
328 369 327 
329 367 328 
329 367 328 
326 373 325 
314 1 12 2 1 365 1 2 12 1 313 
309 1 20 365 20 1 308 
330 365 329 
330 365 329 
331 363 330 
331 363 330 
331 363 330 
332 361 331 
327 4 1 361 1 4 326 
326 373 325 
325 375 324 
326 373 325 
326 373 325 
333 359 332 
334 357 333 
334 357 333 
335 355 334 
334 357 333 
326 1 8 355 8 1 325 
336 353 335 
336 353 335 
334 357 333 
333 359 332 
334 3 1 349 1 3 333 
338 349 337 
338 349 337 
339 347 338 
339 347 338 
338 349 337 
340 345 339 
341 343 340 
342 341 341 
341 343 340 
342 341 341 
343 339 342 
342 341 341 
344 337 343 
344 337 343 
332 1 12 335 12 1 331 
346 333 345 
326 1 4 2 3 1 10 331 10 1 3 2 4 1 325 
307 1 17 3 1 1 1 11 5 331 5 11 1 1 1 3 17 1 306 
325 19 4 329 4 19 324 
325 21 2 329 2 21 324 
317 1 4 1 1 24 1 327 1 24 1 1 4 1 316 
316 3 3 27 1 325 1 27 3 3 315 
314 6 1 383 1 6 313 
315 395 314 
315 395 314 
317 391 316 
318 389 317 
317 391 316 
316 393 315 
316 39 1 313 1 39 315 
314 397 313 
315 41 1 311 1 41 314 
315 42 1 309 1 42 314 
314 43 2 307 2 43 313 
315 42 3 305 3 42 314 
314 43 3 305 3 43 313 
314 44 3 303 3 44 313 
309 3 2 44 4 301 4 44 2 3 308 
306 52 5 299 5 52 305 
305 9 1 43 6 297 6 43 1 9 304 
307 51 6 1 1 146 1 146 1 1 6 51 306 
307 51 9 145 1 145 9 51 306 
306 52 8 146 1 146 8 52 305 
306 9 1 42 10 144 1 144 10 42 1 9 305 
307 7 2 41 13 141 3 141 13 41 2 7 306 
306 7 3 41 12 142 3 142 12 41 3 7 305 
306 2 1 3 5 40 11 3 1 138 5 138 1 3 11 40 5 3 1 2 305 
283 2 32 39 17 137 5 137 17 39 32 2 282 
283 2 16 1 17 35 20 135 7 135 20 35 17 1 16 2 282 
283 2 33 35 22 134 7 134 22 35 33 2 282 
299 1 20 33 21 134 9 134 21 33 20 1 298 
292 1 29 13 1 16 21 4 1 130 9 130 1 4 21 16 1 13 29 1 291 
321 13 3 8 27 5 2 128 11 128 2 5 27 8 3 13 320 
321 3 1 7 5 2 41 127 11 127 41 2 5 7 1 3 320 
322 2 4 1 51 1 1 123 15 123 1 1 51 1 4 2 321 
382 122 17 122 381 
384 121 15 121 383 
386 117 19 117 385 
353 1 28 119 23 119 28 1 352 
380 122 21 122 379 
382 7 2 108 2 1 21 1 2 108 2 7 381 
298 1 83 7 2 107 29 107 2 7 83 1 297 
381 8 4 103 33 103 4 8 380 
380 8 8 102 29 102 8 8 379 
396 97 2 3 29 3 2 97 395 
395 4 1 93 39 93 1 4 394 
395 3 4 88 45 88 4 3 394 
402 1 1 87 43 87 1 1 401 
405 81 1 4 43 4 1 81 404 
408 76 3 5 41 5 3 76 407 
411 71 1 1 4 3 43 3 4 1 1 71 410 
414 66 9 1 45 1 9 66 413 
408 9 1 59 71 59 1 9 407 
407 12 2 53 1 4 67 4 1 53 2 12 406 
405 16 3 47 3 6 9 1 45 1 9 6 3 47 3 16 404 
405 16 6 41 6 6 65 6 6 41 6 16 404 
403 19 9 2 1 25 2 1 1 1 2 2 6 7 63 7 6 2 2 1 1 1 2 25 1 2 9 19 402 
404 19 7 1 5 4 3 2 2 2 4 5 16 5 67 5 16 5 4 2 2 2 3 4 5 1 7 19 403 
403 20 7 1 5 4 11 8 16 3 69 3 16 8 11 4 5 1 7 20 402 
403 21 12 4 10 10 16 2 69 2 16 10 10 4 12 21 402 
401 23 12 1 13 11 103 11 13 1 12 23 400 
401 23 12 1 12 12 103 12 12 1 12 23 400 
403 20 26 12 103 12 26 20 402 
403 21 26 11 103 11 26 21 402 
403 21 25 9 1 2 103 2 1 9 25 21 402 
404 18 1 1 27 7 2 1 103 1 2 7 27 1 1 18 403 
404 18 30 5 111 5 30 18 403 
405 11 4 1 31 2 117 2 31 1 4 11 404 
403 12 37 2 117 2 37 12 402 
403 4 1 6 39 1 117 1 39 6 1 4 402 
403 4 5 2 197 2 5 4 402 
403 4 211 4 402 
404 1 215 1 403 
1024 
449 1 125 1 448 
1024 
1024 
1024 
1024 
395 1 233 1 394 
1024 
1024 
1024 
1024 
1024 
1024 
1024 
1024 
1024 
1024 
1024 
1024 
1024 
1024 
1024 
1024 
1024 
1024 
1024 
1024 
1024 
1024 
1024 
1024 
1024 
1024 
1024 
1024 
1024 
1024 
1024 
1024 
1024 
1024 
1024 
1024 
1024 
1024 
1024 
1024 
1024 
1024 
1024 
1024 
1024 
1024 
1024 
1024 
1024 
1024 
1024 
1024 
1024 
1024 
1024 
1024 
1024 
1024 
1024 
1024 
1024 
1024 
1024 
1024 
1024 
1024 
1024 
1024 
1024 
1024 
1024 
1024 
1024 
1024 
1024 
1024 
1024 
1024 
1024 
1024 
1024 
1024 
1024 
1024 
1024 
1024 
1024 
1024 
1024 
1024 
1024 
1024 
1024 
1024 
1024 
1024 
1024 
1024 
1024 
1024 
1024 
1024 
1024 
1024 
1024 
1024 
1024 
1024 
1024 
1024 
1024 
1024 
1024 
1024 
1024 
1024 
1024 
1024 
1024 
1024 
1024 
1024 
1024 
1024 
1024 
1024 
1024 
1024 
1024 
1024 
1024 
1024 
1024 
1024 
1024 
1024 
1024 
1024 
1024 
1024 
1024 
1024 
1024 
1024 
1024 
1024 
1024 
1024 
1024 
1024 
1024 
1024 
1024 
1024 
1024 
1024 
1024 
1024 
1024 
1024 
1024 
1024 
1024 
1024 
1024 
1024 
1024 
1024 
1024 
1024 
1024 
1024 
1024 
1024 
1024 
1024 
1024 
1024 
1024 
1024 
1024 
1024 
1024 
1024 
1024 
1024 
1024 
1024 
1024 
1024 
1024 
1024 
1024 
1024 
1024 
1024 
1024 
1024 
1024 
1024 
1024 
1024 
1024 
1024 
1024 
1024 
1024 
1024 
1024 
1024 
1024 
1024 
1024 
1024 
1024 
1024 
1024 
1024 
1024 
1024 
1024 
1024 
1024 
1024 
1024 
1024 
1024 
1024 
1024 
1024 
1024 
1024 
1024 
1024 
1024 
1024 
1024 
1024 
1024 
1024 
1024 
1024 
1024 
1024 
1024 
1024 
1024 
1024 
1024 
1024 
1024 
1024 
1024 
1024 
1024 
1024 
1024 
1024 
1024 
1024 
1024 
1024 
1024 
1024 
1024 
1024 
1024 
1024 
1024 
1024 
1024 
1024 
1024 
1024 
1024 
1024 
1024 
1024 
1024 
1024 
1024 
1024 
1024 
1024 
1024 
1024 
1024 
1024 
1024 
1024 
1024 
1024 
1024 
1024 
1024 
1024 
1024 
1024 
1024 
1024 
1024 
1024 
1024 
1024 
1024 
1024 
1024 
1024 
1024 
1024 
1024 
1024 
1024 
1024 
1024 
1024 
1024 
1024 
1024 
1024 
1024 
1024 
1024 
1024 
1024 
1024 
1024 
1024 
1024 
1024 
1024 
1024 
1024 
1024 
1024 
1024 
1024 
1024 
1024 
1024 
1024 
1024 
1024 
1024 
1024 
1024 
1024 
1024 
1024 
1024 
1024 
1024 
1024 
1024 
1024 
1024 
1024 
1024 
1024 
1024 
1024 
1024 
1024 
1024 
1024 
1024 
1024 
1024 
1024 
1024 
