1024 
1024 
1024 
1024 
1024 
1024 
1024 
1024 
1024 
1024 
1024 
1024 
1024 
1024 
1024 
1024 
1024 
1024 
1024 
1024 
1024 
1024 
1024 
1024 
1024 
1024 
1024 
1024 
1024 
1024 
1024 
1024 
1024 
1024 
1024 
1024 
1024 
1024 
1024 
1024 
1024 
1024 
1024 
1024 
1024 
1024 
1024 
1024 
1024 
1024 
1024 
1024 
1024 
1024 
1024 
1024 
1024 
1024 
1024 
1024 
1024 
1024 
1024 
1024 
1024 
1024 
1024 
1024 
1024 
1024 
1024 
1024 
1024 
1024 
1024 
1024 
1024 
1024 
1024 
1024 
1024 
1024 
1024 
1024 
1024 
1024 
1024 
1024 
1024 
1024 
1024 
1024 
1024 
1024 
1024 
1024 
1024 
1024 
1024 
1024 
1024 
1024 
1024 
1024 
1024 
1024 
1024 
1024 
1024 
1024 
1024 
1024 
1024 
1024 
1024 
1024 
1024 
1024 
1024 
1024 
1024 
1024 
1024 
1024 
1024 
1024 
1024 
1024 
1024 
1024 
1024 
1024 
1024 
1024 
1024 
1024 
1024 
1024 
1024 
1024 
1024 
1024 
1024 
1024 
1024 
1024 
1024 
1024 
1024 
1024 
1024 
1024 
1024 
1024 
1024 
1024 
1024 
1024 
1024 
1024 
1024 
1024 
1024 
1024 
1024 
1024 
1024 
1024 
1024 
1024 
1024 
1024 
1024 
1024 
295 2 431 2 294 
295 2 431 2 294 
294 3 431 3 293 
292 6 429 6 291 
293 6 427 6 292 
293 5 429 5 292 
294 4 429 4 293 
1024 
1024 
1024 
1024 
1024 
1024 
1024 
1024 
1024 
1024 
1024 
1024 
1024 
1024 
1024 
1024 
1024 
1024 
284 1 455 1 283 
303 1 417 1 302 
303 2 415 2 302 
1024 
1024 
1024 
1024 
1024 
1024 
1024 
1024 
1024 
1024 
1024 
1024 
1024 
1024 
266 2 489 2 265 
266 1 70 1 349 1 70 1 265 
1024 
1024 
319 2 383 2 318 
319 2 383 2 318 
1024 
1024 
1024 
1024 
1024 
1024 
342 1 339 1 341 
338 1 347 1 337 
338 2 345 2 337 
337 4 343 4 336 
337 4 60 1 221 1 60 4 336 
325 1 11 4 343 4 11 1 324 
325 3 4 4 1 3 7 1 329 1 7 3 1 4 4 3 324 
324 5 2 9 345 9 2 5 323 
324 5 1 13 339 13 1 5 323 
325 20 335 20 324 
327 19 333 19 326 
326 23 327 23 325 
325 24 327 24 324 
325 23 329 23 324 
324 24 329 24 323 
324 24 329 24 323 
324 25 327 25 323 
323 26 327 26 322 
321 29 325 29 320 
321 28 327 28 320 
323 26 327 26 322 
324 26 46 1 231 1 46 26 323 
323 26 327 26 322 
324 25 327 25 323 
324 24 329 24 323 
323 25 329 25 322 
325 22 55 1 219 1 55 22 324 
326 21 13 1 8 3 281 3 8 1 13 21 325 
326 20 10 1 3 2 6 4 281 4 6 2 3 1 10 20 325 
328 16 5 1 3 4 3 2 6 4 17 5 237 5 17 4 6 2 3 4 3 1 5 16 327 
329 14 2 20 3 4 15 6 239 6 15 4 3 20 2 14 328 
332 36 1 3 15 8 235 8 15 3 1 36 331 
338 33 15 10 233 10 15 33 337 
335 40 1 2 8 13 106 1 13 1 106 13 8 2 1 40 334 
332 46 7 13 229 13 7 46 331 
330 49 1 1 5 12 229 12 5 1 1 49 329 
327 54 5 12 229 12 5 54 326 
326 57 2 13 229 13 2 57 325 
320 1 3 61 1 12 229 12 1 61 3 1 319 
320 2 1 75 229 75 1 2 319 
320 76 91 1 49 1 91 76 319 
321 74 235 74 320 
320 70 245 70 319 
314 2 3 72 105 3 8 1 9 1 8 3 105 72 3 2 313 
312 4 2 75 103 3 7 1 2 1 5 1 2 1 7 3 103 75 2 4 311 
312 4 1 76 102 5 6 3 1 1 3 1 1 3 6 5 102 76 1 4 311 
312 83 101 3 5 6 5 6 5 3 101 83 311 
315 80 1 1 99 4 4 6 2 1 2 6 4 4 99 1 1 80 314 
314 82 97 10 3 4 1 3 1 4 3 10 97 82 313 
313 84 2 1 92 11 2 3 1 7 1 3 2 11 92 1 2 84 312 
313 85 1 2 89 15 1 1 1 1 1 5 1 1 1 1 1 15 89 2 1 85 312 
310 91 88 1 1 14 1 1 3 5 3 1 1 14 1 1 88 91 309 
311 89 91 19 1 3 1 19 91 89 310 
273 1 5 1 31 90 90 43 90 90 31 1 5 1 272 
301 2 6 93 86 18 1 11 1 18 86 93 6 2 300 
299 6 5 92 88 45 88 92 5 6 298 
299 7 3 94 3 2 73 1 7 47 7 1 73 2 3 94 3 7 298 
298 9 1 95 2 6 68 2 1 1 7 45 7 1 1 2 68 6 2 95 1 9 297 
298 9 1 95 2 6 53 2 13 1 2 1 3 2 5 39 5 2 3 1 2 1 13 2 53 6 2 95 1 9 297 
297 10 1 96 1 6 54 1 14 2 2 1 1 1 4 43 4 1 1 1 2 2 14 1 54 6 1 96 1 10 296 
296 117 50 4 9 3 1 1 2 4 1 49 1 4 2 1 1 3 9 4 50 117 295 
296 1 1 113 52 5 6 2 1 3 1 2 3 53 3 2 1 3 1 2 6 5 52 113 1 1 295 
298 113 52 5 7 1 1 2 1 65 1 2 1 1 7 5 52 113 297 
299 107 58 4 4 1 3 3 1 65 1 3 3 1 4 4 58 107 298 
299 5 2 101 64 2 3 2 1 67 1 2 3 2 64 101 2 5 298 
301 1 4 101 59 1 4 1 1 4 1 69 1 4 1 1 4 1 59 101 4 1 300 
305 102 61 89 61 102 304 
305 103 58 1 2 87 2 1 58 103 304 
305 103 52 1 5 1 1 89 1 1 5 1 52 103 304 
304 106 53 2 1 93 1 2 53 106 303 
305 104 54 1 1 95 1 1 54 104 304 
305 104 47 1 5 1 2 95 2 1 5 1 47 104 304 
303 1 1 105 46 1 8 95 6 1 1 1 46 105 1 1 302 
302 108 46 3 1 1 1 1 3 93 3 1 1 1 1 3 46 108 301 
304 106 1 2 40 1 2 8 1 95 1 8 2 1 40 2 1 106 303 
304 110 42 9 1 93 1 9 42 110 303 
304 111 40 115 40 111 303 
304 110 29 1 9 9 1 99 1 9 9 1 29 110 303 
305 106 32 1 5 2 1 121 1 2 5 1 32 106 304 
301 3 1 106 32 1 6 1 2 119 2 1 6 1 32 106 1 3 300 
301 111 38 125 38 111 300 
300 111 36 1 1 127 1 1 36 111 299 
300 112 35 2 1 125 1 2 35 112 299 
300 4 1 106 33 1 1 133 1 1 33 106 1 4 299 
288 1 13 1 2 106 30 1 3 135 3 1 30 106 2 1 13 1 287 
305 107 31 1 1 135 1 1 31 107 304 
306 108 19 1 8 141 8 1 19 108 305 
305 110 25 3 2 135 2 3 25 110 304 
307 107 25 4 2 135 2 4 25 107 306 
307 105 26 149 26 105 306 
306 1 1 104 24 1 1 149 1 1 24 104 1 1 305 
306 106 23 1 1 151 1 1 23 106 305 
305 3 1 103 24 153 24 103 1 3 304 
309 102 22 1 1 155 1 1 22 102 308 
309 104 19 161 19 104 308 
310 103 18 1 1 159 1 1 18 103 309 
310 101 21 161 21 101 309 
310 1 1 99 19 3 1 157 1 3 19 99 1 1 309 
313 98 18 4 2 155 2 4 18 98 312 
313 98 17 4 1 159 1 4 17 98 312 
315 96 15 173 15 96 314 
317 95 13 175 13 95 316 
317 93 14 177 14 93 316 
320 90 14 2 1 171 1 2 14 90 319 
324 85 12 183 12 85 323 
323 87 11 183 11 87 322 
322 87 11 185 11 87 321 
321 88 10 1 1 183 1 1 10 88 320 
321 88 9 3 1 181 1 3 9 88 320 
320 89 7 193 7 89 319 
320 87 10 191 10 87 319 
319 89 7 195 7 89 318 
320 87 7 197 7 87 319 
320 86 8 197 8 86 319 
321 85 5 203 5 85 320 
318 88 4 205 4 88 317 
321 84 5 205 5 84 320 
321 84 4 1 1 203 1 1 4 84 320 
322 82 4 209 4 82 321 
323 80 4 211 4 80 322 
325 77 4 1 1 209 1 1 4 77 324 
328 74 3 215 3 74 327 
330 71 3 217 3 71 329 
331 69 2 221 2 69 330 
337 63 2 221 2 63 336 
337 62 2 223 2 62 336 
300 1 35 62 2 225 2 62 35 1 299 
337 60 1 229 1 60 336 
338 2 1 55 2 229 2 55 1 2 337 
343 339 342 
331 1 14 333 14 1 330 
347 331 346 
350 325 349 
322 1 23 1 5 39 1 241 1 39 5 1 23 1 321 
355 315 354 
358 309 357 
359 307 358 
360 305 359 
358 1 1 305 1 1 357 
362 301 361 
348 1 3 1 10 19 1 259 1 19 10 1 3 1 347 
328 1 37 12 1 1 2 261 2 1 1 12 37 1 327 
363 1 7 2 1 1 3 1 2 263 2 1 3 1 1 2 7 1 362 
347 1 26 2 2 1 1 265 1 1 2 2 26 1 346 
282 1 91 2 3 267 3 2 91 1 281 
282 2 7 1 74 1 11 269 11 1 74 1 7 2 281 
282 1 94 271 94 1 281 
285 1 60 1 28 275 28 1 60 1 284 
337 1 33 1 3 275 3 1 33 1 336 
314 1 3 1 54 279 54 1 3 1 313 
368 1 3 281 3 1 367 
307 2 19 1 22 1 19 283 19 1 22 1 19 2 306 
371 283 370 
370 285 369 
324 1 43 1 1 285 1 1 43 1 323 
341 1 27 287 27 1 340 
358 1 9 289 9 1 357 
367 291 366 
366 293 365 
364 1 1 293 1 1 363 
363 299 362 
329 2 33 297 33 2 328 
329 2 30 303 30 2 328 
322 1 37 1 1 301 1 1 37 1 321 
361 303 360 
356 1 1 1 1 305 1 1 1 1 355 
358 309 357 
359 307 358 
357 1 1 307 1 1 356 
357 311 356 
357 311 356 
354 2 1 311 1 2 353 
354 317 353 
355 315 354 
354 317 353 
307 1 45 319 45 1 306 
307 1 45 319 45 1 306 
348 2 2 321 2 2 347 
348 3 1 321 1 3 347 
348 329 347 
349 327 348 
282 1 64 1 1 1 1 323 1 1 1 1 64 1 281 
349 327 348 
349 327 348 
348 329 347 
250 1 39 1 56 331 56 1 39 1 249 
290 1 55 333 55 1 289 
287 3 50 1 6 331 6 1 50 3 286 
287 2 51 4 2 333 2 4 51 2 286 
340 345 339 
340 5 1 333 1 5 339 
340 345 339 
341 343 340 
342 341 341 
342 1 1 337 1 1 341 
263 1 78 1 1 337 1 1 78 1 262 
263 1 75 1 2 341 2 1 75 1 262 
263 4 75 341 75 4 262 
262 6 69 2 2 343 2 2 69 6 261 
262 6 72 1 1 341 1 1 72 6 261 
262 5 73 345 73 5 261 
262 3 75 345 75 3 261 
339 347 338 
339 347 338 
329 1 3 1 5 347 5 1 3 1 328 
328 2 2 3 4 347 4 3 2 2 327 
328 9 2 347 2 9 327 
329 8 1 349 1 8 328 
329 367 328 
329 367 328 
328 369 327 
330 365 329 
332 361 331 
334 357 333 
337 351 336 
329 1 4 1 2 351 2 1 4 1 328 
335 355 334 
336 353 335 
335 355 334 
325 1 3 2 4 355 4 2 3 1 324 
334 357 333 
334 357 333 
333 359 332 
334 357 333 
330 365 329 
331 363 330 
331 363 330 
332 361 331 
333 359 332 
329 1 2 361 2 1 328 
332 361 331 
331 363 330 
331 363 330 
304 1 27 361 27 1 303 
331 363 330 
297 1 21 2 10 363 10 2 21 1 296 
319 2 3 1 6 363 6 1 3 2 318 
319 6 6 363 6 6 318 
312 1 4 10 4 363 4 10 4 1 311 
311 3 2 12 3 363 3 12 2 3 310 
309 5 1 14 2 363 2 14 1 5 308 
310 20 1 363 1 20 309 
311 19 1 363 1 19 310 
314 16 1 363 1 16 313 
313 399 312 
313 399 312 
301 1 12 397 12 1 300 
314 397 313 
313 399 312 
313 1 1 15 1 363 1 15 1 1 312 
316 393 315 
317 1 3 8 1 365 1 8 3 1 316 
325 3 3 363 3 3 324 
330 365 329 
330 365 329 
330 365 329 
330 365 329 
325 1 4 365 4 1 324 
324 1 5 365 5 1 323 
330 365 329 
329 367 328 
330 365 329 
329 367 328 
330 365 329 
330 365 329 
327 371 326 
328 369 327 
312 1 17 365 17 1 311 
312 2 17 363 17 2 311 
330 365 329 
330 365 329 
331 363 330 
331 363 330 
330 365 329 
326 1 1 1 2 363 2 1 1 1 325 
325 5 1 363 1 5 324 
323 1 1 375 1 1 322 
321 1 1 379 1 1 320 
325 375 324 
325 375 324 
326 5 1 361 1 5 325 
332 361 331 
332 361 331 
331 363 330 
332 361 331 
332 361 331 
333 359 332 
325 1 7 359 7 1 324 
333 359 332 
333 359 332 
331 2 1 357 1 2 330 
329 367 328 
330 365 329 
334 357 333 
334 357 333 
334 357 333 
334 357 333 
335 355 334 
334 1 1 353 1 1 333 
332 1 1 357 1 1 331 
335 355 334 
336 353 335 
336 353 335 
336 353 335 
337 351 336 
337 351 336 
338 349 337 
337 351 336 
338 349 337 
316 1 21 349 21 1 315 
324 1 14 347 14 1 323 
316 3 5 1 4 1 9 347 9 1 4 1 5 3 315 
316 3 1 8 4 1 6 347 6 1 4 8 1 3 315 
317 16 7 345 7 16 316 
313 1 1 20 5 345 5 20 1 1 312 
306 3 5 23 4 343 4 23 5 3 305 
305 5 2 27 2 343 2 27 2 5 304 
305 5 1 29 2 341 2 29 1 5 304 
305 36 1 341 1 36 304 
306 36 1 339 1 36 305 
308 409 307 
307 36 1 337 1 36 306 
307 411 306 
306 413 305 
305 415 304 
303 419 302 
305 415 304 
304 417 303 
303 419 302 
304 43 1 329 1 43 303 
304 417 303 
303 45 1 327 1 45 302 
296 1 1 1 4 45 2 325 2 45 4 1 1 1 295 
296 5 2 45 2 325 2 45 2 5 295 
296 52 3 323 3 52 295 
295 8 1 45 2 323 2 45 1 8 294 
295 54 3 321 3 54 294 
295 54 3 321 3 54 294 
294 54 4 321 4 54 293 
266 1 28 53 5 319 5 53 28 1 265 
266 3 25 9 2 43 6 317 6 43 2 9 25 3 265 
266 3 24 2 1 6 3 43 7 315 7 43 3 6 1 2 24 3 265 
267 1 29 4 4 42 8 315 8 42 4 4 29 1 266 
298 1 7 40 10 313 10 40 7 1 297 
306 40 11 311 11 40 305 
308 38 10 313 10 38 307 
307 36 16 307 16 36 306 
307 1 2 27 1 2 1 2 16 307 16 2 1 2 1 27 2 1 306 
311 17 2 6 24 305 24 6 2 17 310 
312 15 15 1 16 307 16 1 15 15 311 
311 15 33 2 1 301 1 2 33 15 310 
311 3 3 5 1 1 39 299 39 1 1 5 3 3 310 
311 3 5 2 43 297 43 2 5 3 310 
312 1 7 1 43 297 43 1 7 1 311 
312 1 52 295 52 1 311 
363 299 362 
363 299 362 
362 5 1 289 1 5 361 
281 1 86 289 86 1 280 
281 1 79 1 7 287 7 1 79 1 280 
369 143 1 143 368 
372 140 1 140 371 
373 139 1 139 372 
374 138 1 138 373 
375 136 3 136 374 
371 140 3 140 370 
371 140 3 140 370 
370 140 5 140 369 
370 8 1 131 5 131 1 8 369 
370 8 2 129 7 129 2 8 369 
369 9 4 126 9 126 4 9 368 
369 6 7 125 11 125 7 6 368 
384 123 11 123 383 
386 120 13 120 385 
385 120 15 120 384 
384 120 1 1 13 1 1 120 383 
384 3 2 114 19 114 2 3 383 
392 111 19 111 391 
391 1 1 108 1 1 19 1 1 108 1 1 390 
394 106 25 106 393 
396 104 25 104 395 
398 102 25 102 397 
400 97 31 97 399 
402 93 35 93 401 
398 5 1 91 35 91 1 5 397 
397 99 33 99 396 
394 96 3 2 35 2 3 96 393 
394 15 1 78 49 78 1 15 393 
391 19 3 73 53 73 3 19 390 
392 19 5 71 7 1 35 1 7 71 5 19 391 
392 19 7 63 2 5 49 5 2 63 7 19 391 
391 21 5 1 3 58 4 4 51 4 4 58 3 1 5 21 390 
391 21 9 2 2 50 1 1 1 1 5 3 51 3 5 1 1 1 1 50 2 2 9 21 390 
383 1 5 23 16 44 14 1 51 1 14 44 16 23 5 1 382 
389 24 14 4 4 31 3 5 77 5 3 31 4 4 14 24 388 
391 22 13 5 4 1 2 1 1 21 3 1 4 6 75 6 4 1 3 21 1 1 2 1 4 5 13 22 390 
391 22 14 3 14 6 6 1 3 2 6 7 10 1 53 1 10 7 6 2 3 1 6 6 14 3 14 22 390 
391 21 15 1 15 8 17 6 77 6 17 8 15 1 15 21 390 
392 19 31 10 17 5 77 5 17 10 31 19 391 
392 18 32 11 17 3 79 3 17 11 32 18 391 
393 13 35 12 18 1 81 1 18 12 35 13 392 
394 11 36 12 119 12 36 11 393 
391 14 36 11 121 11 36 14 390 
391 4 2 6 7 1 29 11 123 11 29 1 7 6 2 4 390 
391 4 6 2 36 1 2 8 21 1 81 1 21 8 2 1 36 2 6 4 390 
392 3 48 6 20 1 85 1 20 6 48 3 391 
392 1 51 1 1 1 131 1 1 1 51 1 391 
444 2 133 2 443 
444 2 133 2 443 
1024 
1024 
1024 
1024 
380 2 261 2 379 
440 1 143 1 439 
1024 
445 1 133 1 444 
1024 
1024 
1024 
1024 
1024 
1024 
1024 
1024 
1024 
1024 
1024 
1024 
1024 
1024 
1024 
1024 
1024 
1024 
1024 
1024 
1024 
1024 
1024 
1024 
1024 
1024 
1024 
1024 
1024 
1024 
1024 
1024 
1024 
1024 
1024 
1024 
1024 
1024 
1024 
1024 
1024 
1024 
1024 
1024 
1024 
1024 
1024 
1024 
1024 
1024 
1024 
1024 
1024 
1024 
1024 
1024 
1024 
1024 
1024 
1024 
1024 
1024 
1024 
1024 
1024 
1024 
1024 
1024 
1024 
1024 
1024 
1024 
1024 
1024 
1024 
1024 
1024 
1024 
1024 
1024 
1024 
1024 
1024 
1024 
1024 
1024 
1024 
1024 
1024 
1024 
1024 
1024 
1024 
1024 
1024 
1024 
1024 
1024 
1024 
1024 
1024 
1024 
1024 
1024 
1024 
1024 
1024 
1024 
1024 
1024 
1024 
1024 
1024 
1024 
1024 
1024 
1024 
1024 
1024 
1024 
1024 
1024 
1024 
1024 
1024 
1024 
1024 
1024 
1024 
1024 
1024 
1024 
1024 
1024 
1024 
1024 
1024 
1024 
1024 
1024 
1024 
1024 
1024 
1024 
1024 
1024 
1024 
1024 
1024 
1024 
1024 
1024 
1024 
1024 
1024 
1024 
1024 
1024 
1024 
1024 
1024 
1024 
1024 
1024 
1024 
1024 
1024 
1024 
1024 
1024 
1024 
1024 
1024 
1024 
1024 
1024 
1024 
1024 
1024 
1024 
1024 
1024 
1024 
1024 
1024 
1024 
1024 
1024 
1024 
1024 
1024 
1024 
1024 
1024 
1024 
1024 
1024 
1024 
1024 
1024 
1024 
1024 
1024 
1024 
1024 
1024 
1024 
1024 
1024 
1024 
1024 
1024 
1024 
1024 
1024 
1024 
1024 
1024 
1024 
1024 
1024 
1024 
1024 
1024 
1024 
1024 
1024 
1024 
1024 
1024 
1024 
1024 
1024 
1024 
1024 
1024 
1024 
1024 
1024 
1024 
1024 
1024 
1024 
1024 
1024 
1024 
1024 
1024 
1024 
1024 
1024 
1024 
1024 
1024 
1024 
1024 
1024 
1024 
1024 
1024 
1024 
1024 
1024 
1024 
1024 
1024 
1024 
1024 
1024 
1024 
1024 
1024 
1024 
1024 
1024 
1024 
1024 
1024 
1024 
1024 
1024 
1024 
1024 
1024 
1024 
1024 
1024 
1024 
1024 
1024 
1024 
1024 
1024 
1024 
1024 
1024 
1024 
1024 
1024 
1024 
1024 
1024 
1024 
1024 
1024 
1024 
1024 
1024 
1024 
1024 
1024 
1024 
1024 
1024 
1024 
1024 
1024 
1024 
1024 
1024 
1024 
1024 
1024 
1024 
1024 
1024 
1024 
1024 
1024 
1024 
1024 
1024 
1024 
1024 
1024 
1024 
1024 
1024 
1024 
1024 
1024 
1024 
1024 
1024 
1024 
1024 
1024 
1024 
1024 
1024 
1024 
1024 
1024 
1024 
1024 
1024 
1024 
1024 
1024 
1024 
1024 
1024 
1024 
1024 
1024 
1024 
1024 
1024 
1024 
1024 
1024 
1024 
1024 
1024 
1024 
1024 
1024 
1024 
1024 
