1024 
1024 
1024 
1024 
1024 
1024 
1024 
1024 
1024 
1024 
1024 
1024 
1024 
1024 
1024 
1024 
1024 
1024 
1024 
1024 
1024 
1024 
1024 
1024 
1024 
1024 
1024 
1024 
1024 
1024 
1024 
1024 
1024 
1024 
1024 
1024 
1024 
1024 
1024 
1024 
1024 
1024 
1024 
1024 
1024 
1024 
1024 
1024 
1024 
1024 
1024 
1024 
1024 
1024 
1024 
1024 
1024 
1024 
1024 
1024 
1024 
1024 
1024 
1024 
1024 
1024 
1024 
1024 
1024 
1024 
1024 
1024 
1024 
1024 
1024 
1024 
1024 
1024 
1024 
1024 
1024 
1024 
1024 
1024 
1024 
1024 
1024 
1024 
1024 
1024 
1024 
1024 
1024 
1024 
1024 
1024 
1024 
1024 
1024 
1024 
1024 
1024 
1024 
1024 
1024 
1024 
1024 
1024 
1024 
1024 
1024 
1024 
1024 
1024 
1024 
1024 
1024 
1024 
1024 
1024 
1024 
1024 
1024 
1024 
1024 
1024 
1024 
1024 
1024 
1024 
1024 
1024 
1024 
1024 
1024 
1024 
1024 
1024 
1024 
1024 
1024 
1024 
1024 
1024 
1024 
1024 
1024 
1024 
1024 
1024 
1024 
1024 
1024 
1024 
1024 
1024 
1024 
1024 
1024 
1024 
1024 
1024 
1024 
1024 
1024 
1024 
1024 
1024 
1024 
1024 
1024 
1024 
1024 
1024 
1024 
1024 
1024 
1024 
1024 
1024 
1024 
1024 
1024 
1024 
1024 
1024 
1024 
1024 
1024 
1024 
1024 
1024 
1024 
1024 
1024 
1024 
1024 
1024 
1024 
1024 
1024 
1024 
1024 
1024 
1024 
1024 
1024 
1024 
1024 
1024 
1024 
1024 
1024 
1024 
1024 
1024 
1024 
1024 
512 1 511 
1024 
512 1 511 
511 3 510 
511 3 510 
512 1 511 
512 1 511 
512 1 511 
512 1 511 
490 1 21 1 21 1 489 
485 2 25 1 25 2 484 
485 4 23 1 23 4 484 
485 2 23 5 23 2 484 
482 1 2 1 22 1 1 5 1 1 22 1 2 1 481 
488 1 20 7 20 1 487 
510 5 509 
507 1 2 5 2 1 506 
506 3 1 5 1 3 505 
504 1 1 1 1 9 1 1 1 1 503 
489 2 15 13 15 2 488 
487 7 4 1 5 1 1 13 1 1 5 1 4 7 486 
488 6 4 2 1 1 2 17 2 1 1 2 4 6 487 
487 7 2 6 3 15 3 6 2 7 486 
488 6 1 35 1 6 487 
488 49 487 
488 49 487 
492 41 491 
491 43 490 
490 45 489 
488 1 1 45 1 1 487 
487 51 486 
467 1 19 51 19 1 466 
487 1 2 45 2 1 486 
490 45 489 
462 1 25 49 25 1 461 
460 1 1 3 1 1 23 45 23 1 1 3 1 1 459 
461 5 16 1 7 45 7 1 16 5 460 
461 5 23 1 1 43 1 1 23 5 460 
459 6 21 1 1 49 1 1 21 6 458 
462 3 4 2 14 55 14 2 4 3 461 
467 1 13 2 3 53 3 2 13 1 466 
463 1 16 65 16 1 462 
481 63 480 
470 1 10 63 10 1 469 
476 1 5 61 5 1 475 
469 2 6 1 3 63 3 1 6 2 468 
473 1 6 65 6 1 472 
472 2 7 63 7 2 471 
471 5 4 65 4 5 470 
471 7 2 65 2 7 470 
470 9 1 65 1 9 469 
468 11 1 65 1 11 467 
469 10 1 65 1 10 468 
469 87 468 
469 87 468 
469 87 468 
469 87 468 
471 7 1 67 1 7 470 
472 5 2 67 2 5 471 
472 3 5 65 5 3 471 
468 1 2 1 1 1 1 1 3 67 3 1 1 1 1 1 2 1 467 
480 65 479 
479 67 478 
479 1 1 63 1 1 478 
481 63 480 
478 1 2 63 2 1 477 
473 1 8 61 8 1 472 
472 1 4 71 4 1 471 
478 69 477 
478 69 477 
478 5 1 57 1 5 477 
478 5 1 57 1 5 477 
480 2 2 57 2 2 479 
480 1 5 53 5 1 479 
487 51 486 
485 55 484 
485 3 1 47 1 3 484 
486 2 1 47 1 2 485 
491 43 490 
490 45 489 
491 1 1 39 1 1 490 
446 2 45 2 1 33 1 2 45 2 445 
445 2 49 1 1 29 1 1 49 2 444 
446 2 49 2 1 25 1 2 49 2 445 
472 1 29 21 29 1 471 
433 2 6 1 30 1 10 1 24 9 24 1 10 1 30 1 6 2 432 
480 1 6 2 2 2 1 2 1 1 1 27 1 1 1 2 1 2 2 2 6 1 479 
432 1 32 4 3 1 6 4 3 3 2 2 1 37 1 2 2 3 3 4 6 1 3 4 32 1 431 
434 2 9 1 2 1 15 9 4 6 4 51 4 6 4 9 15 1 2 1 9 2 433 
434 3 8 4 11 1 3 8 6 5 1 57 1 5 6 8 3 1 11 4 8 3 433 
435 2 4 2 2 5 13 9 7 67 7 9 13 5 2 2 4 2 434 
433 6 1 5 1 4 13 9 3 2 2 67 2 2 3 9 13 4 1 5 1 6 432 
428 2 1 1 1 16 13 11 3 73 3 11 13 16 1 1 1 2 427 
429 19 14 1 1 8 1 79 1 8 1 1 14 19 428 
429 21 14 97 14 21 428 
429 21 1 1 13 95 13 1 1 21 428 
422 2 5 23 15 91 15 23 5 2 421 
428 22 1 1 7 2 2 1 1 95 1 1 2 2 7 1 1 22 427 
426 1 1 23 7 4 1 99 1 4 7 23 1 1 425 
425 26 6 111 6 26 424 
425 27 7 107 7 27 424 
427 24 4 2 1 109 1 2 4 24 426 
428 24 2 117 2 24 427 
429 22 4 115 4 22 428 
428 23 3 117 3 23 427 
428 22 3 119 3 22 427 
421 1 7 21 1 123 1 21 7 1 420 
420 2 7 20 1 125 1 20 7 2 419 
430 165 429 
427 171 426 
427 171 426 
423 1 3 4 1 13 1 133 1 13 1 4 3 1 422 
428 1 3 1 1 10 1 135 1 10 1 1 3 1 427 
431 1 1 2 2 3 4 137 4 3 2 2 1 1 430 
434 1 2 1 5 139 5 1 2 1 433 
442 141 441 
439 1 1 143 1 1 438 
440 145 439 
437 151 436 
436 153 435 
434 1 1 153 1 1 433 
423 1 8 3 1 153 1 3 8 1 422 
432 3 1 153 1 3 431 
432 161 431 
425 2 7 157 7 2 424 
419 1 5 2 6 159 6 2 5 1 418 
420 1 2 4 4 163 4 4 2 1 419 
421 8 3 161 3 8 420 
420 10 1 163 1 10 419 
418 12 1 163 1 12 417 
419 10 1 165 1 10 418 
416 1 2 187 2 1 415 
418 189 417 
420 185 419 
420 185 419 
418 1 2 6 1 169 1 6 2 1 417 
420 6 1 171 1 6 419 
424 1 1 173 1 1 423 
427 171 426 
426 173 425 
424 1 1 173 1 1 423 
423 179 422 
419 1 5 175 5 1 418 
420 1 3 177 3 1 419 
420 3 1 177 1 3 419 
419 187 418 
418 189 417 
418 189 417 
419 187 418 
344 1 7 1 1 1 7 1 54 1 2 2 1 179 1 2 2 1 54 1 7 1 1 1 7 1 343 
353 1 7 3 59 179 59 3 7 1 352 
353 1 68 181 68 1 352 
345 2 6 2 6 1 60 181 60 1 6 2 6 2 344 
345 4 2 3 11 1 54 1 1 181 1 1 54 1 11 3 2 4 344 
340 1 5 10 28 1 6 1 27 187 27 1 6 1 28 10 5 1 339 
337 1 8 10 3 1 21 6 32 187 32 6 21 1 3 10 8 1 336 
343 17 3 1 11 1 5 7 4 1 27 185 27 1 4 7 5 1 11 1 3 17 342 
340 21 1 4 15 8 32 183 32 8 15 4 1 21 339 
341 25 12 13 30 183 30 13 12 25 340 
342 23 12 14 8 3 18 185 18 3 8 14 12 23 341 
341 22 15 12 6 1 1 4 18 185 18 4 1 1 6 12 15 22 340 
342 21 2 1 13 11 7 7 18 181 18 7 7 11 13 1 2 21 341 
335 1 7 21 13 1 1 10 3 1 4 6 5 1 13 181 13 1 5 6 4 1 3 10 1 1 13 21 7 1 334 
341 24 9 1 5 9 3 3 3 4 5 3 11 183 11 3 5 4 3 3 3 9 5 1 9 24 340 
285 1 50 1 3 26 6 2 7 6 3 10 1 1 2 1 2 3 12 181 12 3 2 1 2 1 1 10 3 6 7 2 6 26 3 1 50 1 284 
278 1 3 1 47 2 9 23 8 3 9 25 3 3 7 181 7 3 3 25 9 3 8 23 9 2 47 1 3 1 277 
281 4 45 3 7 24 7 4 2 1 1 35 2 1 5 181 5 1 2 35 1 1 2 4 7 24 7 3 45 4 280 
281 4 1 1 45 1 4 26 1 1 6 46 5 181 5 46 6 1 1 26 4 1 45 1 1 4 280 
281 5 51 3 1 22 5 1 3 45 1 1 3 181 3 1 1 45 3 1 5 22 1 3 51 5 280 
281 6 49 28 4 52 3 179 3 52 4 28 49 6 280 
276 1 3 3 1 1 52 26 2 56 2 179 2 56 2 26 52 1 1 3 3 1 275 
276 1 60 3 1 21 2 58 2 177 2 58 2 21 1 3 60 1 275 
284 1 57 19 2 299 2 19 57 1 283 
343 17 1 303 1 17 342 
293 1 48 341 48 1 292 
282 2 9 1 48 341 48 1 9 2 281 
282 2 4 1 57 1 1 329 1 1 57 1 4 2 281 
288 1 5 1 59 317 59 1 5 1 287 
293 5 54 321 54 5 292 
291 9 49 1 1 323 1 1 49 9 290 
288 2 1 9 49 327 49 9 1 2 287 
250 3 36 11 33 1 9 1 2 333 2 1 9 1 33 11 36 3 249 
250 3 37 10 3 1 38 2 3 331 3 2 38 1 3 10 37 3 249 
251 1 36 1 1 11 29 1 11 341 11 1 29 11 1 1 36 1 250 
290 12 29 1 3 2 4 343 4 2 3 1 29 12 289 
253 1 36 10 31 5 7 339 7 5 31 10 36 1 252 
256 1 2 1 1 1 2 1 15 4 6 10 8 2 19 9 4 341 4 9 19 2 8 10 6 4 15 1 2 1 1 1 2 1 255 
257 5 6 1 11 4 2 1 1 1 3 7 29 9 3 345 3 9 29 7 3 1 1 1 2 4 11 1 6 5 256 
258 7 15 18 31 9 1 347 1 9 31 18 15 7 257 
258 6 4 2 11 16 31 369 31 16 11 2 4 6 257 
255 2 1 6 1 2 1 3 5 24 8 1 20 8 1 349 1 8 20 1 8 24 5 3 1 2 1 6 1 2 254 
257 13 2 1 5 25 4 1 2 1 13 1 4 367 4 1 13 1 2 1 4 25 5 1 2 13 256 
259 14 3 27 4 3 18 369 18 3 4 27 3 14 258 
261 13 2 28 2 5 20 363 20 5 2 28 2 13 260 
260 45 1 5 23 357 23 5 1 45 259 
259 52 21 361 21 52 258 
253 1 2 56 15 1 4 361 4 1 15 56 2 1 252 
256 52 17 1 1 1 2 365 2 1 1 1 17 52 255 
257 52 16 3 2 365 2 3 16 52 256 
256 53 1 1 14 4 1 365 1 4 14 1 1 53 255 
257 53 14 377 14 53 256 
257 54 1 2 11 375 11 2 1 54 256 
251 1 2 2 1 54 1 3 9 377 9 3 1 54 1 2 2 1 250 
235 1 10 1 4 64 12 371 12 64 4 1 10 1 234 
235 2 9 1 5 60 13 375 13 60 5 1 9 2 234 
235 2 2 1 4 1 1 1 3 63 10 1 2 373 2 1 10 63 3 1 1 1 4 1 2 2 234 
241 1 1 6 1 63 9 381 9 63 1 6 1 1 240 
235 1 7 73 5 383 5 73 7 1 234 
243 73 8 377 8 73 242 
244 4 1 66 8 379 8 66 1 4 243 
245 70 6 1 1 379 1 1 6 70 244 
245 2 1 69 4 383 4 69 1 2 244 
248 67 7 381 7 67 247 
248 67 4 387 4 67 247 
247 69 4 385 4 69 246 
247 69 4 385 4 69 246 
249 67 3 387 3 67 248 
250 66 2 389 2 66 249 
252 64 3 387 3 64 251 
250 66 2 389 2 66 249 
249 67 2 389 2 67 248 
245 1 4 66 1 391 1 66 4 1 244 
247 69 1 391 1 69 246 
247 531 246 
249 66 1 393 1 66 248 
248 529 247 
249 527 248 
243 1 1 1 1 1 1 527 1 1 1 1 1 1 242 
246 3 1 525 1 3 245 
245 535 244 
235 1 3 1 4 537 4 1 3 1 234 
234 2 5 1 2 69 1 397 1 69 2 1 5 2 233 
234 3 7 537 7 3 233 
234 1 9 6 2 521 2 6 9 1 233 
249 1 4 58 1 399 1 58 4 1 248 
245 1 7 3 1 511 1 3 7 1 244 
253 3 1 2 3 49 1 401 1 49 3 2 1 3 252 
261 50 1 401 1 50 260 
261 49 1 403 1 49 260 
262 47 2 403 2 47 261 
261 48 2 403 2 48 260 
261 47 3 403 3 47 260 
263 45 2 405 2 45 262 
258 1 1 1 3 44 2 405 2 44 3 1 1 1 257 
257 1 3 44 1 1 2 407 2 1 1 44 3 1 256 
261 44 5 405 5 44 260 
261 3 1 38 6 407 6 38 1 3 260 
263 1 2 36 8 405 8 36 2 1 262 
266 1 1 32 1 2 6 407 6 2 1 32 1 1 265 
268 31 9 409 9 31 267 
271 28 9 1 1 405 1 1 9 28 270 
263 1 3 28 1 3 10 407 10 3 1 28 3 1 262 
268 7 1 15 2 1 2 3 8 1 1 407 1 1 8 3 2 1 2 15 1 7 267 
267 9 3 2 1 4 1 4 16 411 16 4 1 4 1 2 3 9 266 
265 12 4 2 3 6 15 411 15 6 3 2 4 12 264 
256 2 6 13 9 6 15 411 15 6 9 13 6 2 255 
248 1 11 1 5 12 8 5 18 407 18 5 8 12 5 1 11 1 247 
262 1 3 11 9 5 17 409 17 5 9 11 3 1 261 
252 1 9 1 4 11 28 2 1 407 1 2 28 11 4 1 9 1 251 
252 2 13 11 28 2 1 407 1 2 28 11 13 2 251 
251 4 12 7 8 1 22 415 22 1 8 7 12 4 250 
250 6 14 1 1 1 3 1 28 415 28 1 3 1 1 1 14 6 249 
250 7 26 2 20 415 20 2 26 7 249 
251 4 51 2 1 407 1 2 51 4 250 
252 2 54 409 54 2 251 
257 1 51 407 51 1 256 
300 1 7 409 7 1 299 
251 1 57 407 57 1 250 
302 2 5 407 5 2 301 
303 4 1 409 1 4 302 
302 6 1 407 1 6 301 
302 7 1 405 1 7 301 
300 425 299 
301 423 300 
301 423 300 
301 423 300 
302 421 301 
303 6 1 405 1 6 302 
304 4 2 405 2 4 303 
304 2 5 403 5 2 303 
301 1 3 1 4 405 4 1 3 1 300 
311 403 310 
303 1 4 1 2 403 2 1 4 1 302 
309 2 1 401 1 2 308 
309 407 308 
309 407 308 
310 1 1 401 1 1 309 
308 1 3 401 3 1 307 
311 403 310 
312 401 311 
308 1 4 399 4 1 307 
289 3 5 4 3 3 6 399 6 3 3 4 5 3 288 
289 3 3 6 4 1 1 3 4 397 4 3 1 1 4 6 3 3 288 
294 1 1 5 1 10 2 397 2 10 1 5 1 1 293 
297 15 3 395 3 15 296 
299 15 1 395 1 15 298 
293 1 2 1 1 429 1 1 2 1 292 
298 429 297 
296 433 295 
297 431 296 
297 431 296 
294 1 3 429 3 1 293 
289 1 3 1 1 435 1 1 3 1 288 
295 23 1 387 1 23 294 
289 1 3 25 1 387 1 25 3 1 288 
293 1 1 23 2 385 2 23 1 1 292 
295 24 1 385 1 24 294 
295 23 2 385 2 23 294 
296 22 3 383 3 22 295 
295 22 5 381 5 22 294 
295 23 5 379 5 23 294 
294 22 5 383 5 22 293 
291 1 5 1 1 18 5 1 1 377 1 1 5 18 1 1 5 1 290 
299 16 1 1 7 377 7 1 1 16 298 
300 4 1 9 10 377 10 9 1 4 299 
300 1 2 1 2 7 2 1 7 379 7 1 2 7 2 1 2 1 299 
300 1 6 1 2 4 2 1 5 381 5 1 2 4 2 1 6 1 299 
310 4 9 3 1 371 1 3 9 4 309 
296 1 13 3 1 1 10 1 2 369 2 1 10 1 1 3 13 1 295 
310 1 14 1 2 369 2 1 14 1 309 
306 1 22 367 22 1 305 
330 365 329 
305 1 4 1 15 2 4 361 4 2 15 1 4 1 304 
305 2 20 371 20 2 304 
322 381 321 
306 1 13 1 3 377 3 1 13 1 305 
325 10 1 353 1 10 324 
325 10 1 353 1 10 324 
326 10 1 351 1 10 325 
325 10 4 347 4 10 324 
325 11 1 3 1 343 1 3 1 11 324 
326 8 7 343 7 8 325 
326 10 7 339 7 10 325 
329 1 11 343 11 1 328 
332 1 7 6 1 331 1 6 7 1 331 
338 1 2 5 1 331 1 5 2 1 337 
332 1 8 6 1 1 1 325 1 1 1 6 8 1 331 
341 5 4 325 4 5 340 
343 1 5 4 1 317 1 4 5 1 342 
350 3 2 2 1 309 1 2 2 3 349 
356 2 1 2 1 301 1 2 1 2 355 
357 1 11 287 11 1 356 
367 291 366 
366 293 365 
364 297 363 
363 299 362 
361 1 1 299 1 1 360 
361 303 360 
359 1 1 303 1 1 358 
359 307 358 
360 305 359 
359 307 358 
355 315 354 
355 315 354 
355 315 354 
355 1 1 311 1 1 354 
355 315 354 
352 1 1 317 1 1 351 
350 4 1 315 1 4 349 
349 5 1 315 1 5 348 
348 329 347 
349 327 348 
350 3 1 317 1 3 349 
347 1 1 1 3 319 3 1 1 1 346 
353 319 352 
350 1 2 319 2 1 349 
342 1 7 325 7 1 341 
350 325 349 
345 2 4 323 4 2 344 
345 2 1 1 2 323 2 1 1 2 344 
341 1 1 6 2 323 2 6 1 1 340 
340 10 1 323 1 10 339 
340 10 1 323 1 10 339 
340 345 339 
340 345 339 
340 345 339 
341 343 340 
341 343 340 
342 7 1 325 1 7 341 
341 7 1 327 1 7 340 
342 2 1 2 2 327 2 2 1 2 341 
342 1 6 327 6 1 341 
348 329 347 
348 329 347 
340 1 8 327 8 1 339 
347 331 346 
345 335 344 
345 335 344 
346 333 345 
349 327 348 
332 1 12 1 3 327 3 1 12 1 331 
328 1 9 1 10 327 10 1 9 1 327 
328 1 7 2 10 329 10 2 7 1 327 
335 4 9 1 1 325 1 1 9 4 334 
335 4 3 2 5 327 5 2 3 4 334 
336 8 1 1 3 327 3 1 1 8 335 
335 11 4 325 4 11 334 
333 13 1 1 1 327 1 1 1 13 332 
333 15 2 325 2 15 332 
333 16 1 325 1 16 332 
330 1 2 359 2 1 329 
323 1 3 2 1 365 1 2 3 1 322 
327 371 326 
329 367 328 
329 367 328 
329 367 328 
327 24 1 321 1 24 326 
328 369 327 
326 25 1 321 1 25 325 
328 23 1 321 1 23 327 
328 23 1 321 1 23 327 
329 22 1 321 1 22 328 
329 22 2 319 2 22 328 
330 21 1 321 1 21 329 
329 21 3 319 3 21 328 
329 2 1 2 1 15 4 317 4 15 1 2 1 2 328 
335 13 5 319 5 13 334 
326 1 8 13 5 1 1 315 1 1 5 13 8 1 325 
335 1 1 8 1 2 5 1 1 315 1 1 5 2 1 8 1 1 334 
339 2 5 1 9 313 9 1 5 2 338 
338 5 10 319 10 5 337 
334 1 2 6 10 319 10 6 2 1 333 
338 4 11 3 1 311 1 3 11 4 337 
336 1 2 2 2 1 11 1 1 311 1 1 11 1 2 2 2 1 335 
357 311 356 
357 311 356 
333 2 23 309 23 2 332 
333 3 20 1 2 307 2 1 20 3 332 
334 1 18 1 1 4 1 305 1 4 1 1 18 1 333 
337 1 11 1 4 317 4 1 11 1 336 
353 319 352 
353 319 352 
352 9 1 301 1 9 351 
353 8 1 301 1 8 352 
351 10 2 299 2 10 350 
354 7 3 297 3 7 353 
354 1 1 4 3 299 3 4 1 1 353 
358 2 3 1 1 295 1 1 3 2 357 
365 295 364 
366 293 365 
358 1 4 299 4 1 357 
363 299 362 
363 5 1 287 1 5 362 
364 4 1 287 1 4 363 
364 1 1 1 2 143 1 143 2 1 1 1 363 
366 1 4 141 1 141 4 1 365 
369 143 1 143 368 
369 143 1 143 368 
370 2 1 139 1 139 1 2 369 
373 138 3 138 372 
373 138 3 138 372 
374 1 1 135 3 135 1 1 373 
376 133 7 133 375 
378 132 5 132 377 
346 1 16 1 3 1 10 130 1 1 5 1 1 130 10 1 3 1 16 1 345 
353 3 1 1 4 3 3 2 9 128 11 128 9 2 3 3 4 1 1 3 352 
352 5 5 3 1 1 1 2 2 2 1 1 5 128 7 128 5 1 1 2 2 2 1 1 1 3 5 5 351 
346 1 4 6 3 19 3 124 1 2 7 2 1 124 3 19 3 6 4 1 345 
347 1 4 5 2 22 3 122 13 122 3 22 2 5 4 1 346 
353 31 1 119 17 119 1 31 352 
354 31 1 120 13 120 1 31 353 
337 1 2 1 1 2 5 2 1 155 11 155 1 2 5 2 1 1 2 1 336 
337 6 6 153 2 2 13 2 2 153 6 6 336 
335 10 5 152 21 152 5 10 334 
335 10 4 150 27 150 4 10 334 
335 10 3 44 1 108 23 108 1 44 3 10 334 
334 11 1 156 21 156 1 11 333 
321 1 14 9 1 150 1 5 21 5 1 150 1 9 14 1 320 
335 61 2 96 2 6 21 6 2 96 2 61 334 
335 61 2 96 3 5 21 5 3 96 2 61 334 
324 1 6 1 4 61 3 94 3 1 29 1 3 94 3 61 4 1 6 1 323 
320 4 7 1 2 2 1 61 4 88 45 88 4 61 1 2 2 1 7 4 319 
319 6 13 2 3 56 5 85 47 85 5 56 3 2 13 6 318 
318 6 18 58 3 1 3 83 1 1 41 1 1 83 3 1 3 58 18 6 317 
319 5 1 1 5 1 9 60 5 2 1 75 1 7 41 7 1 75 1 2 5 60 9 1 5 1 1 5 318 
319 5 4 1 7 1 4 60 9 73 1 10 37 10 1 73 9 60 4 1 7 1 4 5 318 
322 1 4 3 10 61 9 2 1 68 2 11 37 11 2 68 1 2 9 61 10 3 4 1 321 
341 61 8 3 4 64 1 11 39 11 1 64 4 3 8 61 340 
341 61 13 4 1 56 6 11 3 1 31 1 3 11 6 56 1 4 13 61 340 
339 1 1 61 1 1 10 6 2 50 1 4 5 11 39 11 5 4 1 50 2 6 10 1 1 61 1 1 338 
321 1 16 64 1 1 11 5 2 1 5 39 2 2 1 5 6 10 39 10 6 5 1 2 2 39 5 1 2 5 11 1 1 64 16 1 320 
338 67 9 6 7 5 1 30 6 2 3 3 7 8 41 8 7 3 3 2 6 30 1 5 7 6 9 67 337 
339 64 22 8 3 1 2 2 1 2 1 7 3 8 11 1 7 2 1 7 41 7 1 2 7 1 11 8 3 7 1 2 1 2 2 1 3 8 22 64 338 
339 1 1 63 21 9 5 3 2 2 7 13 17 1 4 1 47 1 4 1 17 13 7 2 2 3 5 9 21 63 1 1 338 
341 62 1 2 17 1 1 10 3 5 7 16 1 1 20 1 47 1 20 1 1 16 7 5 3 10 1 1 17 2 1 62 340 
340 67 16 11 15 18 91 18 15 11 16 67 339 
342 64 15 1 3 10 14 19 1 1 10 1 2 1 57 1 2 1 10 1 1 19 14 10 3 1 15 64 341 
340 1 1 62 1 2 19 9 11 25 83 25 11 9 19 2 1 62 1 1 339 
343 61 17 1 1 1 2 5 17 22 85 22 17 5 2 1 1 1 17 61 342 
345 60 23 1 1 1 13 26 85 26 13 1 1 1 23 60 344 
341 63 41 25 1 2 79 2 1 25 41 63 340 
340 65 2 1 22 1 14 1 1 23 1 3 77 3 1 23 1 1 14 1 22 1 2 65 339 
338 1 1 67 39 28 77 28 39 67 1 1 337 
337 2 1 68 38 24 1 3 77 3 1 24 38 68 1 2 336 
337 72 37 24 4 1 75 1 4 24 37 72 336 
339 70 35 2 1 23 85 23 1 2 35 70 338 
337 66 1 5 34 27 3 1 1 1 73 1 1 1 3 27 34 5 1 66 336 
334 1 3 66 1 3 35 26 4 2 75 2 4 26 35 3 1 66 3 1 333 
334 2 2 66 4 1 34 4 1 19 9 1 71 1 9 19 1 4 34 1 4 66 2 2 333 
331 2 1 69 41 24 7 2 71 2 7 24 41 69 1 2 330 
332 72 41 1 3 20 87 20 3 1 41 72 331 
331 73 7 1 32 1 8 14 91 14 8 1 32 1 7 73 330 
332 6 1 63 37 1 13 13 1 1 89 1 1 13 13 1 37 63 1 6 331 
332 6 1 63 39 1 12 9 4 1 89 1 4 9 12 1 39 63 1 6 331 
330 1 3 3 3 61 40 1 13 8 99 8 13 1 40 61 3 3 3 1 329 
335 1 3 61 40 3 11 2 3 3 101 3 3 2 11 3 40 61 3 1 334 
325 1 8 1 5 59 3 2 50 1 5 2 101 2 5 1 50 2 3 59 5 1 8 1 324 
324 2 14 67 61 1 87 1 61 67 14 2 323 
323 3 8 1 5 2 1 63 56 1 99 1 56 63 1 2 5 1 8 3 322 
324 1 21 61 211 61 21 1 323 
345 51 1 9 4 1 50 1 101 1 50 1 4 9 1 51 344 
345 50 2 10 211 10 2 50 344 
346 48 3 11 209 11 3 48 345 
346 47 3 11 211 11 3 47 345 
344 47 1 1 4 10 211 10 4 1 1 47 343 
346 33 1 7 1 2 7 8 215 8 7 2 1 7 1 33 345 
346 33 4 2 2 4 8 6 215 6 8 4 2 2 4 33 345 
348 30 8 4 1 1 6 2 1 1 221 1 1 2 6 1 1 4 8 30 347 
347 32 7 1 1 1 5 1 3 1 227 1 3 1 5 1 1 1 7 32 346 
345 14 1 17 1 1 21 1 223 1 21 1 1 17 1 14 344 
345 6 1 6 2 17 271 17 2 6 1 6 344 
345 6 3 2 5 17 7 1 14 1 223 1 14 1 7 17 5 2 3 6 344 
345 6 3 2 7 11 2 2 269 2 2 11 7 2 3 6 344 
346 3 1 1 10 11 281 11 10 1 1 3 345 
350 1 11 2 1 1 2 5 23 1 231 1 23 5 2 1 1 2 11 1 349 
368 5 23 2 229 2 23 5 367 
366 9 21 1 2 1 225 1 2 1 21 9 365 
366 8 22 1 231 1 22 8 365 
341 1 26 5 28 4 215 4 28 5 26 1 340 
340 3 21 2 2 5 26 4 219 4 26 5 2 2 21 3 339 
341 1 27 1 1 1 1 1 25 4 219 4 25 1 1 1 1 1 27 1 340 
399 5 217 5 398 
400 4 217 4 399 
394 1 1 1 3 3 219 3 3 1 1 1 393 
367 1 289 1 366 
1024 
1024 
1024 
366 3 1 1 283 1 1 3 365 
366 3 287 3 365 
1024 
1024 
1024 
1024 
1024 
1024 
1024 
1024 
1024 
1024 
1024 
1024 
1024 
1024 
1024 
1024 
1024 
1024 
1024 
1024 
1024 
1024 
1024 
1024 
1024 
1024 
1024 
1024 
1024 
1024 
1024 
1024 
1024 
1024 
1024 
1024 
1024 
1024 
1024 
1024 
1024 
1024 
1024 
1024 
1024 
1024 
1024 
1024 
1024 
1024 
1024 
1024 
1024 
1024 
1024 
1024 
1024 
1024 
1024 
1024 
1024 
1024 
1024 
1024 
1024 
1024 
1024 
1024 
1024 
1024 
1024 
1024 
1024 
1024 
1024 
1024 
1024 
1024 
1024 
1024 
1024 
1024 
1024 
1024 
1024 
1024 
1024 
1024 
1024 
1024 
1024 
1024 
1024 
1024 
1024 
1024 
1024 
1024 
1024 
1024 
1024 
1024 
1024 
1024 
1024 
1024 
1024 
1024 
1024 
1024 
1024 
1024 
1024 
1024 
1024 
1024 
1024 
1024 
1024 
1024 
1024 
1024 
1024 
1024 
1024 
1024 
1024 
1024 
1024 
1024 
1024 
1024 
1024 
1024 
1024 
1024 
1024 
1024 
1024 
1024 
1024 
1024 
1024 
1024 
1024 
1024 
1024 
1024 
1024 
1024 
1024 
1024 
1024 
1024 
1024 
1024 
1024 
1024 
1024 
1024 
1024 
1024 
1024 
1024 
1024 
1024 
1024 
1024 
1024 
1024 
1024 
1024 
1024 
1024 
1024 
1024 
1024 
1024 
1024 
1024 
1024 
1024 
1024 
1024 
1024 
1024 
1024 
1024 
1024 
1024 
1024 
1024 
1024 
1024 
1024 
1024 
1024 
1024 
1024 
1024 
1024 
1024 
1024 
1024 
1024 
1024 
1024 
1024 
1024 
1024 
1024 
1024 
1024 
1024 
1024 
1024 
1024 
1024 
1024 
1024 
1024 
1024 
1024 
1024 
1024 
1024 
1024 
1024 
1024 
1024 
1024 
1024 
1024 
1024 
1024 
1024 
1024 
1024 
1024 
1024 
1024 
1024 
1024 
1024 
1024 
1024 
1024 
1024 
1024 
1024 
1024 
1024 
1024 
1024 
1024 
1024 
1024 
1024 
1024 
1024 
1024 
1024 
1024 
1024 
1024 
1024 
