1024 
1024 
1024 
1024 
1024 
1024 
1024 
1024 
1024 
1024 
1024 
1024 
1024 
1024 
1024 
1024 
1024 
1024 
1024 
1024 
1024 
1024 
1024 
1024 
1024 
1024 
1024 
1024 
1024 
1024 
1024 
1024 
1024 
1024 
1024 
1024 
1024 
1024 
1024 
1024 
1024 
1024 
1024 
1024 
1024 
1024 
1024 
1024 
1024 
1024 
1024 
1024 
1024 
1024 
1024 
1024 
1024 
1024 
1024 
1024 
1024 
1024 
1024 
1024 
1024 
1024 
1024 
1024 
1024 
1024 
1024 
1024 
1024 
1024 
1024 
1024 
1024 
1024 
1024 
1024 
1024 
1024 
1024 
1024 
1024 
1024 
1024 
1024 
1024 
1024 
1024 
1024 
1024 
1024 
1024 
1024 
1024 
1024 
1024 
1024 
1024 
1024 
1024 
1024 
1024 
1024 
1024 
1024 
1024 
1024 
1024 
1024 
1024 
1024 
1024 
1024 
1024 
1024 
1024 
1024 
1024 
1024 
1024 
1024 
1024 
1024 
1024 
1024 
1024 
1024 
1024 
1024 
1024 
1024 
1024 
1024 
1024 
1024 
1024 
1024 
1024 
1024 
1024 
1024 
1024 
1024 
1024 
1024 
1024 
1024 
1024 
1024 
1024 
1024 
1024 
1024 
1024 
1024 
1024 
1024 
1024 
1024 
1024 
1024 
1024 
1024 
1024 
1024 
1024 
1024 
1024 
1024 
1024 
1024 
1024 
1024 
1024 
1024 
1024 
1024 
1024 
1024 
1024 
1024 
1024 
1024 
1024 
1024 
1024 
1024 
1024 
1024 
1024 
1024 
1024 
1024 
1024 
1024 
1024 
1024 
1024 
1024 
1024 
1024 
1024 
1024 
1024 
1024 
1024 
1024 
1024 
1024 
1024 
1024 
1024 
1024 
1024 
1024 
1024 
1024 
1024 
1024 
1024 
1024 
1024 
1024 
1024 
1024 
1024 
1024 
1024 
1024 
1024 
1024 
1024 
1024 
1024 
1024 
1024 
1024 
1024 
1024 
1024 
1024 
1024 
1024 
1024 
1024 
1024 
1024 
1024 
1024 
1024 
1024 
1024 
1024 
1024 
1024 
1024 
1024 
1024 
232 2 557 2 231 
233 1 557 1 232 
230 4 557 4 229 
229 6 555 6 228 
230 6 553 6 229 
230 5 555 5 229 
230 4 557 4 229 
1024 
1024 
1024 
1024 
1024 
1024 
1024 
1024 
1024 
1024 
219 1 585 1 218 
1024 
1024 
1024 
444 2 133 2 443 
241 2 201 2 33 1 65 1 33 2 201 2 240 
257 1 186 5 29 3 63 3 29 5 186 1 256 
443 6 30 1 65 1 30 6 442 
443 6 127 6 442 
207 1 72 1 162 6 127 6 162 1 72 1 206 
443 6 127 6 442 
444 5 14 1 97 1 14 5 443 
445 1 133 1 444 
329 1 365 1 328 
1024 
427 1 52 1 63 1 52 1 426 
258 3 166 1 52 2 61 2 52 1 166 3 257 
324 1 147 1 8 1 61 1 8 1 147 1 323 
446 1 131 1 445 
281 1 1 1 168 1 119 1 168 1 1 1 280 
281 3 194 1 67 1 194 3 280 
281 4 3 1 34 1 111 2 46 1 2 1 6 1 37 1 6 1 2 1 46 2 111 1 34 1 3 4 280 
277 1 3 4 154 1 1 1 23 1 11 2 4 2 2 1 1 1 1 1 3 1 1 1 6 1 15 1 6 1 1 1 3 1 1 1 1 1 2 2 4 2 11 1 23 1 1 1 154 4 3 1 276 
275 6 1 2 139 1 44 1 2 1 3 2 1 7 1 2 1 6 1 4 3 2 15 2 3 4 1 6 1 2 1 7 1 2 3 1 2 1 44 1 139 2 1 6 274 
273 12 187 1 2 3 1 1 1 3 2 17 19 17 2 3 1 1 1 3 2 1 187 12 272 
266 2 4 14 171 2 13 34 13 34 13 2 171 14 4 2 265 
265 4 1 18 169 2 6 1 1 1 1 39 9 39 1 1 1 1 6 2 169 18 1 4 264 
265 4 1 21 174 1 1 43 5 43 1 1 174 21 1 4 264 
266 25 38 1 128 2 4 2 1 1 1 41 5 41 1 1 1 2 4 2 128 1 38 25 265 
267 1 1 21 166 1 1 2 1 50 3 50 1 2 1 1 166 21 1 1 266 
268 22 134 1 9 1 23 3 1 50 1 50 1 3 23 1 9 1 134 22 267 
267 23 163 1 3 111 3 1 163 23 266 
267 25 144 1 8 1 2 1 6 115 6 1 2 1 8 1 144 25 266 
266 26 45 1 105 1 1 2 3 1 1 1 1 117 1 1 1 1 3 2 1 1 105 1 45 26 265 
267 24 37 2 102 1 7 4 1 2 1 3 1 121 1 3 1 2 1 4 7 1 102 2 37 24 266 
267 24 31 1 4 3 109 8 1 129 1 8 109 3 4 1 31 24 266 
267 24 35 3 107 12 1 127 1 12 107 3 35 24 266 
265 25 18 1 15 6 1 1 104 153 104 1 1 6 15 1 18 25 264 
266 1 1 22 18 3 13 9 2 1 101 151 101 1 2 9 13 3 18 22 1 1 265 
268 23 9 2 5 4 13 12 102 149 102 12 13 4 5 2 9 23 267 
269 21 7 1 2 3 1 1 2 4 12 12 102 151 102 12 12 4 2 1 1 3 2 1 7 21 268 
269 20 5 1 2 1 3 1 1 2 1 1 1 3 4 1 7 12 102 151 102 12 7 1 4 3 1 1 1 2 1 1 3 1 2 1 5 20 268 
268 20 3 1 1 21 1 2 6 12 102 151 102 12 6 2 1 21 1 1 3 20 267 
271 16 2 30 4 12 96 1 4 153 4 1 96 12 4 30 2 16 270 
271 14 1 36 2 11 97 1 1 157 1 1 97 11 2 36 1 14 270 
273 50 1 9 102 155 102 9 1 50 272 
279 1 1 51 86 2 13 159 13 2 86 51 1 1 278 
279 48 1 3 104 155 104 3 1 48 278 
278 51 104 159 104 51 277 
276 55 71 1 31 157 31 1 71 55 275 
273 59 69 3 11 1 8 1 9 157 9 1 8 1 11 3 69 59 272 
271 1 1 62 67 1 17 3 2 6 1 1 1 157 1 1 1 6 2 3 17 1 67 62 1 1 270 
271 64 2 1 57 1 20 1 1 1 6 175 6 1 1 1 20 1 57 1 2 64 270 
266 1 1 1 1 69 74 1 4 2 1 1 1 179 1 1 1 2 4 1 74 69 1 1 1 1 265 
267 2 1 69 54 1 20 4 2 185 2 4 20 1 54 69 1 2 266 
269 70 68 1 1 1 1 2 2 1 1 191 1 1 2 2 1 1 1 1 68 70 268 
268 73 4 4 63 1 2 1 1 191 1 1 2 1 63 4 4 73 267 
263 1 3 74 4 3 64 4 1 191 1 4 64 3 4 74 3 1 262 
262 3 1 77 1 6 59 1 3 1 1 195 1 1 3 1 59 6 1 77 1 3 261 
262 81 1 8 46 1 8 1 3 203 3 1 8 1 46 8 1 81 261 
262 88 51 1 5 211 5 1 51 88 261 
263 87 51 1 1 1 2 2 1 207 1 2 2 1 1 1 51 87 262 
262 87 53 3 1 1 1 209 1 1 1 3 53 87 261 
262 84 55 4 1 213 1 4 55 84 261 
246 1 13 87 54 3 1 1 1 211 1 1 1 3 54 87 13 1 245 
261 87 59 211 59 87 260 
260 89 57 213 57 89 259 
250 5 5 91 33 1 12 1 5 219 5 1 12 1 33 91 5 5 249 
250 7 3 90 51 1 2 217 2 1 51 90 3 7 249 
252 6 1 91 51 223 51 91 1 6 251 
251 7 1 92 2 1 41 235 41 1 2 92 1 7 250 
230 1 19 8 1 96 37 1 1 1 2 231 2 1 1 1 37 96 1 8 19 1 229 
250 106 35 1 4 233 4 1 35 106 249 
249 108 33 4 1 235 1 4 33 108 248 
249 1 1 105 34 245 34 105 1 1 248 
251 6 1 95 36 4 1 237 1 4 36 95 1 6 250 
252 1 4 97 36 245 36 97 4 1 251 
257 97 35 247 35 97 256 
257 98 34 247 34 98 256 
256 99 30 1 3 247 3 1 30 99 255 
257 98 32 2 1 245 1 2 32 98 256 
257 98 1 2 27 255 27 2 1 98 256 
255 104 19 1 5 257 5 1 19 104 254 
257 101 22 1 1 261 1 1 22 101 256 
257 99 25 263 25 99 256 
257 99 23 1 1 263 1 1 23 99 256 
257 100 22 267 22 100 256 
250 1 3 2 1 100 22 267 22 100 1 2 3 1 249 
254 103 1 1 18 271 18 1 1 103 253 
254 105 19 269 19 105 253 
254 3 1 99 1 1 14 1 1 275 1 1 14 1 1 99 1 3 253 
253 1 4 100 18 273 18 100 4 1 252 
258 100 16 277 16 100 257 
258 100 16 277 16 100 257 
259 100 14 279 14 100 258 
259 100 14 279 14 100 258 
258 100 13 283 13 100 257 
258 100 12 285 12 100 257 
258 1 2 98 11 285 11 98 2 1 257 
262 97 10 287 10 97 261 
263 95 10 289 10 95 262 
262 96 9 291 9 96 261 
264 95 8 291 8 95 263 
264 94 8 293 8 94 263 
267 91 7 295 7 91 266 
269 88 8 295 8 88 268 
272 85 7 297 7 85 271 
270 87 6 299 6 87 269 
269 88 5 301 5 88 268 
268 89 5 301 5 89 267 
268 89 4 303 4 89 267 
267 89 4 305 4 89 266 
267 89 3 307 3 89 266 
266 90 3 307 3 90 265 
265 91 3 307 3 91 264 
266 89 3 309 3 89 265 
264 91 2 311 2 91 263 
265 90 2 311 2 90 264 
266 88 2 313 2 88 265 
265 89 1 315 1 89 264 
265 495 264 
257 1 6 89 1 317 1 89 6 1 256 
265 495 264 
266 86 1 319 1 86 265 
267 491 266 
268 489 267 
268 489 267 
269 487 268 
267 1 1 80 1 325 1 80 1 1 266 
271 483 270 
276 473 275 
269 1 8 6 1 455 1 6 8 1 268 
284 457 283 
274 1 9 457 9 1 273 
284 61 1 333 1 61 283 
284 457 283 
285 59 1 335 1 59 284 
286 2 3 52 1 337 1 52 3 2 285 
238 1 56 47 1 339 1 47 56 1 237 
297 44 2 339 2 44 296 
300 40 2 341 2 40 299 
230 2 71 35 3 343 3 35 71 2 229 
295 1 9 32 4 343 4 32 9 1 294 
285 1 19 31 4 345 4 31 19 1 284 
307 27 6 345 6 27 306 
308 24 7 347 7 24 307 
309 21 9 347 9 21 308 
310 18 10 349 10 18 309 
315 8 1 1 3 1 9 349 9 1 3 1 1 8 314 
311 1 6 1 19 349 19 1 6 1 310 
314 1 1 1 20 351 20 1 1 1 313 
337 351 336 
336 353 335 
336 353 335 
261 1 73 355 73 1 260 
335 355 334 
324 1 10 355 10 1 323 
257 1 54 1 21 357 21 1 54 1 256 
334 357 333 
334 357 333 
312 1 19 361 19 1 311 
333 359 332 
333 359 332 
295 1 19 1 16 361 16 1 19 1 294 
330 365 329 
330 365 329 
293 1 37 363 37 1 292 
331 363 330 
281 1 25 2 21 365 21 2 25 1 280 
307 1 19 371 19 1 306 
276 1 15 1 35 369 35 1 15 1 275 
276 1 51 369 51 1 275 
329 367 328 
329 367 328 
328 369 327 
329 367 328 
271 1 22 3 27 1 1 1 1 369 1 1 1 1 27 3 22 1 270 
271 2 22 1 29 375 29 1 22 2 270 
325 375 324 
325 375 324 
327 371 326 
323 1 3 371 3 1 322 
327 371 326 
327 371 326 
326 373 325 
326 373 325 
241 1 84 373 84 1 240 
240 2 78 1 1 2 2 373 2 2 1 1 78 2 239 
270 4 47 4 1 373 1 4 47 4 269 
225 1 44 4 46 385 46 4 44 1 224 
224 3 43 3 48 383 48 3 43 3 223 
224 4 94 381 94 4 223 
224 3 98 375 98 3 223 
225 1 99 375 99 1 224 
315 1 9 375 9 1 314 
324 377 323 
325 375 324 
324 377 323 
323 379 322 
324 377 323 
324 377 323 
312 1 10 379 10 1 311 
307 1 3 1 12 377 12 1 3 1 306 
318 1 5 377 5 1 317 
314 2 1 4 3 377 3 4 1 2 313 
314 397 313 
315 8 1 377 1 8 314 
315 395 314 
315 395 314 
316 393 315 
317 391 316 
319 4 1 377 1 4 318 
324 377 323 
324 377 323 
204 4 115 379 115 4 203 
202 7 114 379 114 7 201 
202 6 107 1 8 377 8 1 107 6 201 
202 4 116 381 116 4 201 
324 377 323 
323 379 322 
324 377 323 
320 3 1 377 1 3 319 
321 383 320 
322 381 321 
324 377 323 
324 377 323 
324 377 323 
323 379 322 
323 379 322 
324 377 323 
324 377 323 
324 377 323 
323 379 322 
300 1 13 2 2 1 6 375 6 1 2 2 13 1 299 
314 7 3 377 3 7 313 
312 10 3 375 3 10 311 
307 2 2 13 1 375 1 13 2 2 306 
307 3 1 13 1 375 1 13 1 3 306 
306 413 305 
307 18 1 373 1 18 306 
310 405 309 
309 407 308 
301 1 7 407 7 1 300 
310 405 309 
309 407 308 
311 15 1 371 1 15 310 
312 13 2 371 2 13 311 
315 10 2 371 2 10 314 
318 6 3 371 3 6 317 
327 371 326 
328 369 327 
328 369 327 
328 369 327 
327 371 326 
329 367 328 
329 367 328 
329 367 328 
328 369 327 
327 371 326 
309 1 4 1 15 365 15 1 4 1 308 
309 1 20 365 20 1 308 
326 1 4 363 4 1 325 
331 363 330 
331 363 330 
332 361 331 
332 361 331 
328 369 327 
326 373 325 
325 375 324 
327 371 326 
327 6 1 357 1 6 326 
331 1 2 357 2 1 330 
335 355 334 
335 355 334 
335 355 334 
336 353 335 
327 1 8 353 8 1 326 
337 351 336 
335 2 1 349 1 2 334 
335 355 334 
335 3 1 347 1 3 334 
339 347 338 
339 347 338 
334 1 5 345 5 1 333 
340 345 339 
339 347 338 
339 347 338 
342 341 341 
342 341 341 
342 341 341 
344 337 343 
344 337 343 
344 337 343 
346 333 345 
345 335 344 
347 331 346 
348 329 347 
328 1 4 2 2 2 9 329 9 2 2 2 4 1 327 
327 2 2 1 1 9 7 327 7 9 1 1 2 2 326 
309 1 17 2 1 15 4 327 4 15 1 2 17 1 308 
328 20 2 325 2 20 327 
326 23 2 323 2 23 325 
318 3 4 26 1 321 1 26 4 3 317 
318 4 1 379 1 4 317 
317 5 1 379 1 5 316 
318 389 317 
318 389 317 
320 385 319 
319 387 318 
318 389 317 
319 38 1 309 1 38 318 
317 41 1 307 1 41 316 
317 41 2 305 2 41 316 
318 41 2 303 2 41 317 
317 42 3 301 3 42 316 
317 42 4 299 4 42 316 
316 44 3 299 3 44 315 
317 43 4 148 1 148 4 43 316 
311 4 2 43 4 148 1 148 4 43 2 4 310 
308 8 1 43 6 146 1 146 6 43 1 8 307 
308 52 7 145 1 145 7 52 307 
310 50 9 142 3 142 9 50 309 
309 51 7 2 1 141 3 141 1 2 7 51 308 
308 9 1 42 10 140 5 140 10 42 1 9 307 
309 8 1 41 13 138 5 138 13 41 1 8 308 
309 8 1 41 12 139 5 139 12 41 1 8 308 
308 8 3 41 11 2 1 135 7 135 1 2 11 41 3 8 307 
309 1 2 3 5 38 1 1 14 134 9 134 14 1 1 38 5 3 2 1 308 
286 1 33 37 19 132 9 132 19 37 33 1 285 
286 3 15 1 16 36 19 131 11 131 19 36 16 1 15 3 285 
286 2 32 1 1 35 18 132 11 132 18 35 1 1 32 2 285 
287 1 34 34 1 1 17 4 2 124 15 124 2 4 17 1 1 34 34 1 286 
295 1 28 13 1 16 1 1 20 3 3 122 17 122 3 3 20 1 1 16 1 13 28 1 294 
323 13 4 7 1 5 29 121 1 1 15 1 1 121 29 5 1 7 4 13 322 
324 2 2 1 2 3 5 1 2 1 1 1 1 2 36 119 19 119 36 2 1 1 1 1 2 1 5 3 2 1 2 2 323 
324 2 14 1 45 115 23 115 45 1 14 2 323 
388 112 1 2 19 2 1 112 387 
385 114 27 114 384 
356 1 26 115 29 115 26 1 355 
384 7 2 103 1 1 29 1 1 103 2 7 383 
384 8 3 100 1 3 27 3 1 100 3 8 383 
383 9 3 1 1 97 2 2 29 2 2 97 1 1 3 9 382 
301 1 81 1 1 6 7 94 1 1 3 1 29 1 3 1 1 94 7 6 1 1 81 1 300 
398 93 43 93 397 
398 3 1 90 41 90 1 3 397 
397 2 5 83 1 4 41 4 1 83 5 2 396 
403 1 3 78 3 4 41 4 3 78 3 1 402 
409 76 3 3 43 3 3 76 408 
413 67 10 1 43 1 10 67 412 
416 63 67 63 415 
410 65 1 5 63 5 1 65 409 
409 12 2 49 3 7 61 7 3 49 2 12 408 
407 15 5 40 1 1 6 6 63 6 6 1 1 40 5 15 406 
407 17 5 1 3 30 1 1 2 2 6 7 61 7 6 2 2 1 1 30 3 1 5 17 406 
405 19 8 2 5 6 2 3 2 1 1 5 16 5 65 5 16 5 1 1 2 3 2 6 5 2 8 19 404 
406 19 13 4 3 2 6 7 17 2 67 2 17 7 6 2 3 4 13 19 405 
405 20 13 4 10 9 16 1 69 1 16 9 10 4 13 20 404 
405 21 12 2 11 11 101 11 11 2 12 21 404 
403 23 25 11 101 11 25 23 402 
403 23 25 12 99 12 25 23 402 
405 21 25 11 14 1 71 1 14 11 25 21 404 
406 20 24 1 1 7 1 2 101 2 1 7 1 1 24 20 405 
405 21 26 7 2 1 101 1 2 7 26 21 404 
406 18 1 1 27 5 109 5 27 1 1 18 405 
407 11 1 5 29 2 115 2 29 5 1 11 406 
408 10 2 3 31 1 115 1 31 3 2 10 407 
405 12 191 12 404 
405 4 1 6 193 6 1 4 404 
406 3 5 1 10 1 173 1 10 1 5 3 405 
406 3 207 3 405 
407 1 45 1 117 1 45 1 406 
451 1 121 1 450 
1024 
1024 
1024 
1024 
397 1 4 1 219 1 4 1 396 
398 1 227 1 397 
1024 
1024 
1024 
1024 
1024 
1024 
1024 
1024 
1024 
1024 
1024 
1024 
1024 
1024 
1024 
1024 
1024 
1024 
1024 
1024 
1024 
1024 
1024 
1024 
1024 
1024 
1024 
1024 
1024 
1024 
1024 
1024 
1024 
1024 
1024 
1024 
1024 
1024 
1024 
1024 
1024 
1024 
1024 
1024 
1024 
1024 
1024 
1024 
1024 
1024 
1024 
1024 
1024 
1024 
1024 
1024 
1024 
1024 
1024 
1024 
1024 
1024 
1024 
1024 
1024 
1024 
1024 
1024 
1024 
1024 
1024 
1024 
1024 
1024 
1024 
1024 
1024 
1024 
1024 
1024 
1024 
1024 
1024 
1024 
1024 
1024 
1024 
1024 
1024 
1024 
1024 
1024 
1024 
1024 
1024 
1024 
1024 
1024 
1024 
1024 
1024 
1024 
1024 
1024 
1024 
1024 
1024 
1024 
1024 
1024 
1024 
1024 
1024 
1024 
1024 
1024 
1024 
1024 
1024 
1024 
1024 
1024 
1024 
1024 
1024 
1024 
1024 
1024 
1024 
1024 
1024 
1024 
1024 
1024 
1024 
1024 
1024 
1024 
1024 
1024 
1024 
1024 
1024 
1024 
1024 
1024 
1024 
1024 
1024 
1024 
1024 
1024 
1024 
1024 
1024 
1024 
1024 
1024 
1024 
1024 
1024 
1024 
1024 
1024 
1024 
1024 
1024 
1024 
1024 
1024 
1024 
1024 
1024 
1024 
1024 
1024 
1024 
1024 
1024 
1024 
1024 
1024 
1024 
1024 
1024 
1024 
1024 
1024 
1024 
1024 
1024 
1024 
1024 
1024 
1024 
1024 
1024 
1024 
1024 
1024 
1024 
1024 
1024 
1024 
1024 
1024 
1024 
1024 
1024 
1024 
1024 
1024 
1024 
1024 
1024 
1024 
1024 
1024 
1024 
1024 
1024 
1024 
1024 
1024 
1024 
1024 
1024 
1024 
1024 
1024 
1024 
1024 
1024 
1024 
1024 
1024 
1024 
1024 
1024 
1024 
1024 
1024 
1024 
1024 
1024 
1024 
1024 
1024 
1024 
1024 
1024 
1024 
1024 
1024 
1024 
1024 
1024 
1024 
1024 
1024 
1024 
1024 
1024 
1024 
1024 
1024 
1024 
1024 
1024 
1024 
1024 
1024 
1024 
1024 
1024 
1024 
1024 
1024 
1024 
1024 
1024 
1024 
1024 
1024 
1024 
1024 
1024 
1024 
1024 
1024 
1024 
1024 
1024 
1024 
1024 
1024 
1024 
1024 
1024 
1024 
1024 
1024 
1024 
1024 
1024 
1024 
1024 
1024 
1024 
1024 
1024 
1024 
1024 
1024 
1024 
1024 
1024 
1024 
1024 
1024 
1024 
1024 
1024 
1024 
1024 
1024 
1024 
1024 
1024 
1024 
1024 
1024 
1024 
1024 
1024 
1024 
1024 
1024 
1024 
1024 
1024 
1024 
1024 
1024 
1024 
1024 
1024 
1024 
1024 
1024 
1024 
1024 
1024 
1024 
1024 
1024 
1024 
1024 
1024 
1024 
1024 
1024 
1024 
1024 
1024 
1024 
1024 
1024 
