1024 
1024 
1024 
1024 
1024 
1024 
1024 
1024 
1024 
1024 
1024 
1024 
1024 
1024 
1024 
1024 
1024 
1024 
1024 
1024 
1024 
1024 
1024 
1024 
1024 
1024 
1024 
1024 
1024 
1024 
1024 
1024 
1024 
1024 
1024 
1024 
1024 
1024 
1024 
1024 
1024 
1024 
1024 
1024 
1024 
1024 
1024 
1024 
1024 
1024 
1024 
1024 
1024 
1024 
1024 
1024 
1024 
1024 
1024 
1024 
1024 
1024 
1024 
1024 
1024 
1024 
1024 
1024 
1024 
1024 
1024 
1024 
1024 
1024 
1024 
1024 
1024 
1024 
1024 
1024 
1024 
1024 
1024 
1024 
1024 
1024 
1024 
1024 
1024 
1024 
1024 
1024 
1024 
1024 
1024 
1024 
1024 
1024 
1024 
1024 
1024 
1024 
1024 
1024 
1024 
1024 
1024 
1024 
1024 
1024 
1024 
1024 
1024 
1024 
1024 
1024 
1024 
1024 
1024 
1024 
1024 
1024 
1024 
1024 
1024 
1024 
1024 
1024 
1024 
1024 
1024 
1024 
305 1 413 1 304 
1024 
1024 
1024 
1024 
1024 
1024 
1024 
1024 
1024 
1024 
1024 
1024 
309 1 405 1 308 
1024 
1024 
1024 
1024 
1024 
1024 
1024 
1024 
1024 
1024 
1024 
1024 
1024 
311 1 401 1 310 
310 3 399 3 309 
309 3 401 3 308 
307 6 399 6 306 
308 6 397 6 307 
308 6 397 6 307 
309 4 399 4 308 
1024 
1024 
1024 
1024 
1024 
1024 
1024 
1024 
1024 
1024 
1024 
1024 
1024 
1024 
1024 
1024 
1024 
1024 
347 1 329 1 346 
300 1 423 1 299 
318 1 387 1 317 
318 1 387 1 317 
1024 
1024 
1024 
1024 
1024 
1024 
1024 
1024 
316 1 391 1 315 
1024 
1024 
1024 
1024 
1024 
1024 
1024 
1024 
281 2 67 1 323 1 67 2 280 
281 2 459 2 280 
1024 
333 2 355 2 332 
1024 
1024 
1024 
1024 
1024 
1024 
351 1 321 1 350 
1024 
1024 
351 1 321 1 350 
351 2 319 2 350 
350 4 317 4 349 
339 1 10 4 317 4 10 1 338 
339 3 8 5 315 5 8 3 338 
338 5 3 3 1 4 4 1 58 1 189 1 58 1 4 4 1 3 3 5 337 
338 5 1 12 313 12 1 5 337 
339 18 311 18 338 
339 20 51 1 203 1 51 20 338 
341 18 307 18 340 
340 20 1 2 299 2 1 20 339 
339 21 1 2 299 2 1 21 338 
338 24 301 24 337 
337 25 301 25 336 
337 25 301 25 336 
337 25 301 25 336 
337 26 16 1 265 1 16 26 336 
334 2 1 27 297 27 1 2 333 
334 29 299 29 333 
337 26 299 26 336 
336 27 299 27 335 
336 27 299 27 335 
337 25 49 1 201 1 49 25 336 
337 25 301 25 336 
336 26 301 26 335 
338 23 303 23 337 
339 22 26 1 249 1 26 22 338 
339 20 58 1 189 1 58 20 338 
341 17 11 1 4 2 6 4 253 4 6 2 4 1 11 17 340 
342 15 3 1 3 3 2 1 4 2 6 4 253 4 6 2 4 1 2 3 3 1 3 15 341 
344 12 1 19 2 1 3 5 17 1 100 1 13 1 100 1 17 5 3 1 2 19 1 12 343 
346 34 2 4 16 5 211 5 16 4 2 34 345 
349 36 15 1 1 7 207 7 1 1 15 36 348 
347 40 14 9 205 9 14 40 346 
343 49 9 13 197 13 9 49 342 
342 49 9 13 199 13 9 49 341 
340 53 1 1 5 12 201 12 5 1 1 53 339 
337 58 5 12 201 12 5 58 336 
337 60 3 12 201 12 3 60 336 
332 67 1 12 201 12 1 67 331 
332 80 201 80 331 
333 78 81 1 39 1 81 78 332 
325 2 4 79 205 79 4 2 324 
325 3 3 78 207 78 3 3 324 
325 4 1 75 215 75 1 4 324 
324 4 1 77 213 77 1 4 323 
325 82 211 82 324 
327 82 207 82 326 
326 83 98 1 9 1 98 83 325 
325 86 203 86 324 
324 86 87 1 29 1 87 86 323 
322 89 86 2 5 1 15 1 5 2 86 89 321 
323 92 83 1 5 4 4 1 4 4 5 1 83 92 322 
311 1 1 1 8 93 88 6 1 1 1 1 1 1 1 6 88 93 8 1 1 1 310 
312 4 5 92 90 19 90 92 5 4 311 
311 6 4 93 89 19 89 93 4 6 310 
310 8 3 95 86 21 86 95 3 8 309 
310 8 2 95 85 25 85 95 2 8 309 
309 10 1 97 3 2 75 2 1 25 1 2 75 2 3 97 1 10 308 
309 108 2 4 73 33 73 4 2 108 308 
306 111 1 6 47 1 1 1 22 33 22 1 1 1 47 6 1 111 305 
309 116 71 33 71 116 308 
309 118 70 31 70 118 308 
310 7 1 107 71 33 71 107 1 7 309 
310 6 1 107 71 35 71 107 1 6 309 
317 102 2 2 70 1 1 1 1 31 1 1 1 1 70 2 2 102 316 
317 103 74 2 1 31 1 2 74 103 316 
317 103 13 1 61 1 1 31 1 1 61 1 13 103 316 
316 105 47 1 14 2 2 1 10 29 10 1 2 2 14 1 47 105 315 
315 107 48 3 11 3 3 3 2 1 2 29 2 1 2 3 3 3 11 3 48 107 314 
316 106 48 4 7 6 2 3 1 2 1 33 1 2 1 3 2 6 7 4 48 106 315 
316 107 38 1 8 4 9 4 2 3 2 37 2 3 2 4 9 4 8 1 38 107 315 
314 1 1 107 47 4 6 65 6 4 47 107 1 1 313 
314 108 49 3 7 1 1 59 1 1 7 3 49 108 313 
314 1 1 107 45 1 1 3 5 3 1 61 1 3 5 3 1 1 45 107 1 1 313 
315 108 42 1 3 7 1 71 1 7 3 1 42 108 314 
315 108 2 1 43 1 1 83 1 1 43 1 2 108 314 
316 107 1 2 42 1 1 85 1 1 42 2 1 107 315 
316 112 40 1 2 83 2 1 40 112 315 
316 112 36 1 2 91 2 1 36 112 315 
312 3 1 111 36 2 1 93 1 2 36 111 1 3 311 
312 112 1 2 36 1 2 93 2 1 36 2 1 112 311 
311 113 41 95 41 113 310 
311 113 8 1 30 99 30 1 8 113 310 
311 4 1 108 39 99 39 108 1 4 310 
313 1 2 109 36 3 1 95 1 3 36 109 2 1 312 
316 108 34 109 34 108 315 
317 107 33 111 33 107 316 
317 107 30 117 30 107 316 
318 108 26 121 26 108 317 
318 109 23 1 1 1 1 117 1 1 1 1 23 109 317 
319 109 21 2 1 121 1 2 21 109 318 
317 107 25 127 25 107 316 
317 2 1 104 26 125 26 104 1 2 316 
317 2 1 104 26 125 26 104 1 2 316 
316 1 4 103 25 127 25 103 4 1 315 
321 103 21 135 21 103 320 
322 103 20 135 20 103 321 
322 104 17 139 17 104 321 
322 1 1 99 1 2 16 141 16 2 1 99 1 1 321 
325 98 18 143 18 98 324 
325 98 17 145 17 98 324 
327 96 17 145 17 96 326 
327 95 15 151 15 95 326 
329 95 11 2 1 149 1 2 11 95 328 
332 90 13 2 1 149 1 2 13 90 331 
337 85 12 157 12 85 336 
336 85 13 157 13 85 335 
334 88 11 159 11 88 333 
334 88 9 163 9 88 333 
334 86 10 165 10 86 333 
333 87 10 165 10 87 332 
332 88 7 171 7 88 331 
332 87 8 171 8 87 331 
332 86 9 171 9 86 331 
333 86 6 175 6 86 332 
334 84 6 177 6 84 333 
334 84 6 177 6 84 333 
332 1 1 82 6 181 6 82 1 1 331 
332 1 1 83 4 183 4 83 1 1 331 
336 79 5 185 5 79 335 
330 1 6 78 3 189 3 78 6 1 329 
332 1 4 1 3 73 3 191 3 73 3 1 4 1 331 
331 1 11 70 3 193 3 70 11 1 330 
344 69 3 193 3 69 343 
345 3 1 64 2 195 2 64 1 3 344 
349 62 2 199 2 62 348 
349 61 2 201 2 61 348 
349 61 1 203 1 61 348 
307 1 42 2 2 55 1 205 1 55 2 2 42 1 306 
355 53 1 207 1 53 354 
314 1 28 1 14 309 14 1 28 1 313 
347 1 10 48 1 211 1 48 10 1 346 
359 1 2 301 2 1 358 
364 297 363 
366 293 365 
364 1 2 1 1 287 1 1 2 1 363 
318 1 36 1 7 1 7 283 7 1 7 1 36 1 317 
322 1 48 283 48 1 321 
373 279 372 
373 279 372 
356 1 19 273 19 1 355 
345 1 5 1 25 15 1 239 1 15 25 1 5 1 344 
371 1 5 1 3 6 1 1 1 1 1 241 1 1 1 1 1 6 3 1 5 1 370 
387 1 3 243 3 1 386 
345 1 34 1 1 1 4 1 1 247 1 1 4 1 1 1 34 1 344 
349 1 3 1 12 1 2 1 13 1 4 249 4 1 13 1 2 1 12 1 3 1 348 
351 1 20 2 13 251 13 2 20 1 350 
302 2 79 1 2 253 2 1 79 2 301 
292 2 90 257 90 2 291 
293 1 48 1 41 257 41 1 48 1 292 
324 1 5 1 51 261 51 1 5 1 323 
334 1 3 1 22 1 19 263 19 1 22 1 3 1 333 
317 2 61 265 61 2 316 
318 1 46 1 14 265 14 1 46 1 317 
334 1 16 1 3 1 12 1 8 271 8 1 12 1 3 1 16 1 333 
351 1 24 273 24 1 350 
376 273 375 
374 277 373 
373 279 372 
374 277 373 
372 281 371 
339 2 31 281 31 2 338 
339 2 28 1 1 283 1 1 28 2 338 
369 287 368 
369 287 368 
368 289 367 
365 295 364 
365 295 364 
364 1 1 293 1 1 363 
363 299 362 
364 297 363 
360 2 2 297 2 2 359 
360 305 359 
361 303 360 
358 1 3 301 3 1 357 
359 307 358 
359 307 358 
354 1 4 307 4 1 353 
354 3 2 307 2 3 353 
354 317 353 
354 317 353 
354 317 353 
354 317 353 
353 1 1 315 1 1 352 
354 317 353 
300 2 50 321 50 2 299 
299 2 52 319 52 2 298 
298 4 50 321 50 4 297 
297 4 44 4 2 323 2 4 44 4 296 
298 1 47 5 1 321 1 5 47 1 297 
345 335 344 
345 335 344 
346 333 345 
348 329 347 
348 329 347 
348 329 347 
342 1 3 1 1 329 1 1 3 1 341 
347 331 346 
272 1 70 1 2 333 2 1 70 1 271 
272 4 1 1 65 339 65 1 1 4 271 
271 6 68 335 68 6 270 
271 5 68 337 68 5 270 
271 2 71 337 71 2 270 
344 337 343 
325 1 7 1 4 1 5 337 5 1 4 1 7 1 324 
332 2 2 4 3 339 3 4 2 2 331 
332 9 2 339 2 9 331 
333 359 332 
333 359 332 
333 359 332 
332 361 331 
334 357 333 
336 353 335 
338 349 337 
338 1 2 343 2 1 337 
336 1 2 347 2 1 335 
340 345 339 
339 347 338 
336 1 1 349 1 1 335 
329 1 3 2 3 349 3 2 3 1 328 
337 351 336 
337 351 336 
337 351 336 
327 1 10 349 10 1 326 
335 355 334 
334 357 333 
334 357 333 
335 1 1 351 1 1 334 
336 353 335 
334 357 333 
335 355 334 
334 357 333 
306 1 27 357 27 1 305 
334 357 333 
334 357 333 
322 1 11 357 11 1 321 
321 2 11 357 11 2 320 
322 5 7 357 7 5 321 
313 2 4 11 4 357 4 11 4 2 312 
311 1 1 3 2 13 3 357 3 13 2 3 1 1 310 
311 20 3 357 3 20 310 
312 20 1 359 1 20 311 
313 19 1 359 1 19 312 
316 393 315 
315 395 314 
315 395 314 
302 2 12 393 12 2 301 
316 393 315 
315 395 314 
315 1 1 391 1 1 314 
318 14 1 359 1 14 317 
320 2 1 379 1 2 319 
326 4 2 361 2 4 325 
332 361 331 
332 361 331 
332 361 331 
331 363 330 
332 361 331 
331 363 330 
332 361 331 
332 361 331 
330 365 329 
323 1 8 361 8 1 322 
330 1 1 361 1 1 329 
321 1 9 363 9 1 320 
331 363 330 
328 369 327 
329 367 328 
332 361 331 
314 2 15 363 15 2 313 
314 2 15 363 15 2 313 
330 365 329 
331 363 330 
331 363 330 
332 361 331 
327 1 4 361 4 1 326 
326 5 1 361 1 5 325 
324 1 1 373 1 1 323 
323 379 322 
325 375 324 
326 373 325 
321 1 5 4 1 361 1 4 5 1 320 
333 359 332 
332 361 331 
333 359 332 
332 361 331 
328 1 3 361 3 1 327 
328 1 3 361 3 1 327 
333 359 332 
325 1 6 361 6 1 324 
333 359 332 
332 1 1 357 1 1 331 
330 365 329 
330 365 329 
331 1 1 359 1 1 330 
333 359 332 
335 355 334 
332 1 1 357 1 1 331 
330 1 4 355 4 1 329 
335 355 334 
333 359 332 
333 359 332 
336 353 335 
336 353 335 
333 1 2 353 2 1 332 
335 355 334 
335 355 334 
337 351 336 
337 351 336 
335 1 1 351 1 1 334 
338 349 337 
338 349 337 
316 1 6 1 14 349 14 1 6 1 315 
315 3 5 1 3 2 9 349 9 2 3 1 5 3 314 
315 15 1 1 7 347 7 1 1 15 314 
315 17 1 1 5 347 5 1 1 17 314 
305 3 4 22 5 347 5 22 4 3 304 
303 5 4 24 4 345 4 24 4 5 302 
304 5 1 27 3 345 3 27 1 5 303 
304 4 1 30 2 343 2 30 1 4 303 
304 36 1 343 1 36 303 
307 33 2 341 2 33 306 
306 35 1 341 1 35 305 
305 37 1 339 1 37 304 
304 417 303 
304 39 1 337 1 39 303 
302 1 1 417 1 1 301 
302 421 301 
303 419 302 
302 421 301 
301 423 300 
302 421 301 
301 45 1 331 1 45 300 
301 45 1 331 1 45 300 
295 4 2 46 1 329 1 46 2 4 294 
294 6 1 46 1 329 1 46 1 6 293 
293 8 1 45 1 329 1 45 1 8 292 
293 8 1 45 2 327 2 45 1 8 292 
292 55 3 325 3 55 291 
292 55 3 325 3 55 291 
263 1 28 55 4 323 4 55 28 1 262 
263 3 27 54 4 323 4 54 27 3 262 
263 2 26 10 2 43 6 321 6 43 2 10 26 2 262 
291 2 1 6 3 43 6 321 6 43 3 6 1 2 290 
295 4 5 42 7 319 7 42 5 4 294 
285 1 10 1 7 41 8 319 8 41 7 1 10 1 284 
304 40 11 315 11 40 303 
306 38 11 315 11 38 305 
305 38 11 317 11 38 304 
307 21 1 6 1 2 2 1 16 311 16 1 2 2 1 6 1 21 306 
309 18 3 4 23 311 23 4 3 18 308 
310 16 32 309 32 16 309 
310 15 32 311 32 15 309 
310 3 1 9 33 313 33 9 1 3 309 
280 1 28 4 5 1 41 305 41 1 5 4 28 1 279 
310 2 6 1 42 303 42 1 6 2 309 
362 301 361 
362 301 361 
309 1 53 299 53 1 308 
361 303 360 
278 1 82 303 82 1 277 
356 1 3 4 2 293 2 4 3 1 355 
366 293 365 
368 289 367 
367 291 366 
369 287 368 
369 287 368 
371 283 370 
372 140 1 140 371 
370 1 1 140 1 140 1 1 369 
369 143 1 143 368 
368 144 1 144 367 
368 143 3 143 367 
368 8 1 134 3 134 1 8 367 
367 9 2 132 5 132 2 9 366 
366 2 1 6 4 131 5 131 4 6 1 2 365 
366 2 2 3 7 130 5 130 7 3 2 2 365 
382 127 7 127 381 
384 124 9 124 383 
383 125 9 125 382 
382 3 1 120 13 120 1 3 381 
382 2 3 120 11 120 3 2 381 
389 116 15 116 388 
388 117 15 117 387 
388 1 3 111 19 111 3 1 387 
392 111 19 111 391 
394 107 1 1 19 1 1 107 393 
394 106 25 106 393 
398 101 27 101 397 
400 97 1 2 25 2 1 97 399 
396 5 1 94 3 1 25 1 3 94 1 5 395 
393 101 37 101 392 
391 14 1 88 37 88 1 14 390 
391 16 1 83 1 3 35 3 1 83 1 16 390 
389 18 3 79 3 2 37 2 3 79 3 18 388 
390 18 5 75 49 75 5 18 389 
389 20 4 1 1 70 55 70 1 1 4 20 388 
389 20 6 2 1 69 51 69 1 2 6 20 388 
386 23 10 1 1 59 2 5 51 5 2 59 1 1 10 23 385 
386 24 9 2 1 1 1 55 3 5 51 5 3 55 1 1 1 2 9 24 385 
386 24 16 50 1 1 5 3 53 3 5 1 1 50 16 24 385 
388 22 15 4 4 38 14 1 53 1 14 38 4 4 15 22 387 
388 22 15 4 4 2 1 1 1 27 3 5 79 5 3 27 1 1 1 2 4 4 15 22 387 
388 21 16 3 15 4 3 3 1 2 2 2 7 7 77 7 7 2 2 2 1 3 3 4 15 3 16 21 387 
389 20 16 1 15 8 9 2 7 7 77 7 7 2 9 8 15 1 16 20 388 
390 15 1 1 33 10 17 6 79 6 17 10 33 1 1 15 389 
390 15 35 11 16 6 79 6 16 11 35 15 389 
391 13 35 12 17 4 81 4 17 12 35 13 390 
389 14 36 12 19 1 83 1 19 12 36 14 388 
389 4 1 7 38 12 123 12 38 7 1 4 388 
389 4 3 1 2 2 37 11 127 11 37 2 2 1 3 4 388 
389 3 48 9 127 9 48 3 388 
389 1 50 8 129 8 50 1 388 
442 6 20 1 87 1 20 6 441 
442 2 137 2 441 
442 2 137 2 441 
443 1 137 1 442 
1024 
1024 
377 2 267 2 376 
1024 
1024 
438 1 147 1 437 
1024 
1024 
1024 
1024 
1024 
1024 
1024 
1024 
1024 
1024 
1024 
1024 
1024 
1024 
1024 
1024 
1024 
1024 
1024 
1024 
1024 
1024 
1024 
1024 
1024 
1024 
1024 
1024 
1024 
1024 
1024 
1024 
1024 
1024 
1024 
1024 
1024 
1024 
1024 
1024 
1024 
1024 
1024 
1024 
1024 
1024 
1024 
1024 
1024 
1024 
1024 
1024 
1024 
1024 
1024 
1024 
1024 
1024 
1024 
1024 
1024 
1024 
1024 
1024 
1024 
1024 
1024 
1024 
1024 
1024 
1024 
1024 
1024 
1024 
1024 
1024 
1024 
1024 
1024 
1024 
1024 
1024 
1024 
1024 
1024 
1024 
1024 
1024 
1024 
1024 
1024 
1024 
1024 
1024 
1024 
1024 
1024 
1024 
1024 
1024 
1024 
1024 
1024 
1024 
1024 
1024 
1024 
1024 
1024 
1024 
1024 
1024 
1024 
1024 
1024 
1024 
1024 
1024 
1024 
1024 
1024 
1024 
1024 
1024 
1024 
1024 
1024 
1024 
1024 
1024 
1024 
1024 
1024 
1024 
1024 
1024 
1024 
1024 
1024 
1024 
1024 
1024 
1024 
1024 
1024 
1024 
1024 
1024 
1024 
1024 
1024 
1024 
1024 
1024 
1024 
1024 
1024 
1024 
1024 
1024 
1024 
1024 
1024 
1024 
1024 
1024 
1024 
1024 
1024 
1024 
1024 
1024 
1024 
1024 
1024 
1024 
1024 
1024 
1024 
1024 
1024 
1024 
1024 
1024 
1024 
1024 
1024 
1024 
1024 
1024 
1024 
1024 
1024 
1024 
1024 
1024 
1024 
1024 
1024 
1024 
1024 
1024 
1024 
1024 
1024 
1024 
1024 
1024 
1024 
1024 
1024 
1024 
1024 
1024 
1024 
1024 
1024 
1024 
1024 
1024 
1024 
1024 
1024 
1024 
1024 
1024 
1024 
1024 
1024 
1024 
1024 
1024 
1024 
1024 
1024 
1024 
1024 
1024 
1024 
1024 
1024 
1024 
1024 
1024 
1024 
1024 
1024 
1024 
1024 
1024 
1024 
1024 
1024 
1024 
1024 
1024 
1024 
1024 
1024 
1024 
1024 
1024 
1024 
1024 
1024 
1024 
1024 
1024 
1024 
1024 
1024 
1024 
1024 
1024 
1024 
1024 
1024 
1024 
1024 
1024 
1024 
1024 
1024 
1024 
1024 
1024 
1024 
1024 
1024 
1024 
1024 
1024 
1024 
1024 
1024 
1024 
1024 
1024 
1024 
1024 
1024 
1024 
1024 
1024 
1024 
1024 
1024 
1024 
1024 
1024 
1024 
1024 
1024 
1024 
1024 
1024 
1024 
1024 
1024 
1024 
1024 
1024 
1024 
1024 
1024 
1024 
1024 
1024 
1024 
1024 
1024 
1024 
1024 
1024 
1024 
1024 
1024 
1024 
1024 
1024 
1024 
1024 
1024 
1024 
1024 
1024 
1024 
1024 
1024 
1024 
1024 
1024 
1024 
1024 
1024 
1024 
1024 
1024 
1024 
1024 
1024 
1024 
1024 
1024 
1024 
1024 
1024 
1024 
1024 
1024 
1024 
1024 
1024 
1024 
1024 
1024 
1024 
1024 
1024 
1024 
1024 
1024 
