1024 
1024 
1024 
1024 
1024 
1024 
1024 
1024 
1024 
1024 
1024 
1024 
1024 
1024 
1024 
1024 
1024 
1024 
1024 
1024 
1024 
1024 
1024 
1024 
1024 
1024 
1024 
1024 
1024 
1024 
1024 
1024 
1024 
1024 
1024 
1024 
1024 
1024 
1024 
1024 
1024 
1024 
1024 
1024 
1024 
1024 
1024 
1024 
1024 
1024 
1024 
1024 
1024 
1024 
1024 
1024 
1024 
1024 
1024 
1024 
1024 
1024 
1024 
1024 
1024 
1024 
1024 
1024 
1024 
1024 
1024 
1024 
1024 
1024 
1024 
1024 
446 1 131 1 445 
445 3 129 3 444 
446 1 131 1 445 
444 5 127 5 443 
443 6 127 6 442 
443 7 125 7 442 
443 6 127 6 442 
446 2 129 2 445 
1024 
1024 
1024 
1024 
1024 
1024 
1024 
1024 
1024 
1024 
1024 
1024 
1024 
1024 
1024 
1024 
1024 
1024 
1024 
1024 
1024 
1024 
1024 
1024 
1024 
1024 
1024 
442 1 6 1 125 1 6 1 441 
449 1 125 1 448 
1024 
1024 
1024 
1024 
1024 
1024 
1024 
1024 
1024 
1024 
1024 
1024 
1024 
1024 
1024 
1024 
1024 
1024 
1024 
1024 
1024 
1024 
455 1 113 1 454 
1024 
1024 
1024 
1024 
1024 
1024 
1024 
443 1 137 1 442 
461 1 101 1 460 
455 1 4 2 101 2 4 1 454 
455 1 113 1 454 
1024 
1024 
1024 
1024 
1024 
456 1 111 1 455 
1024 
1024 
1024 
1024 
1024 
1024 
491 1 41 1 490 
1024 
1024 
463 1 97 1 462 
457 1 3 2 99 2 3 1 456 
457 1 2 3 99 3 2 1 456 
456 9 95 9 455 
455 10 95 10 454 
455 10 95 10 454 
455 10 95 10 454 
456 9 16 1 61 1 16 9 455 
455 12 91 12 454 
453 16 1 1 83 1 1 16 452 
453 17 85 17 452 
452 19 83 19 451 
451 21 81 21 450 
449 24 1 3 71 3 1 24 448 
449 27 73 27 448 
446 2 1 27 73 27 1 2 445 
445 29 77 29 444 
446 29 75 29 445 
448 28 73 28 447 
447 29 31 1 9 1 31 29 446 
447 29 23 1 25 1 23 29 446 
447 31 21 1 25 1 21 31 446 
447 30 71 30 446 
445 31 73 31 444 
445 31 31 1 9 1 31 31 444 
447 29 73 29 446 
447 30 71 30 446 
448 27 75 27 447 
447 28 35 1 3 1 35 28 446 
448 27 18 1 18 1 18 1 18 27 447 
449 25 36 5 36 25 448 
450 23 34 11 34 23 449 
451 22 19 2 14 9 14 2 19 22 450 
451 20 39 5 39 20 450 
453 17 31 1 6 2 1 3 1 2 6 1 31 17 452 
454 15 31 1 2 1 3 1 1 7 1 1 3 1 2 1 31 15 453 
456 10 38 2 2 1 1 5 1 1 2 2 38 10 455 
460 14 2 1 2 1 3 1 16 1 7 9 7 1 16 1 3 1 2 1 2 14 459 
451 1 1 27 2 2 3 3 10 2 6 9 6 2 10 3 3 2 2 27 1 1 450 
448 38 2 2 5 1 1 2 2 1 1 3 1 11 1 3 1 1 2 2 1 1 5 2 2 38 447 
445 1 1 43 7 1 3 1 1 2 1 13 1 2 1 1 3 1 7 43 1 1 444 
441 2 1 48 3 8 1 17 1 8 3 48 1 2 440 
436 2 3 54 2 31 2 54 3 2 435 
436 153 435 
373 1 62 153 62 1 372 
436 153 435 
425 4 4 1 1 155 1 1 4 4 424 
425 5 3 159 3 5 424 
425 5 1 163 1 5 424 
425 175 424 
425 175 424 
428 169 427 
426 173 425 
426 173 425 
424 177 423 
420 3 1 177 1 3 419 
421 183 420 
393 1 28 181 28 1 392 
420 185 419 
419 187 418 
406 6 7 187 7 6 405 
405 8 6 187 6 8 404 
404 10 4 189 4 10 403 
400 2 1 11 3 191 3 11 1 2 399 
400 15 1 193 1 15 399 
400 15 1 193 1 15 399 
402 13 1 193 1 13 401 
402 221 401 
402 221 401 
403 219 402 
402 221 401 
405 7 1 199 1 7 404 
405 1 1 3 3 199 3 3 1 1 404 
412 201 411 
412 201 411 
411 203 410 
411 203 410 
410 205 409 
410 205 409 
409 207 408 
409 207 408 
409 207 408 
409 207 408 
407 1 1 207 1 1 406 
406 213 405 
407 211 406 
408 209 407 
408 209 407 
408 209 407 
407 211 406 
408 209 407 
407 211 406 
408 209 407 
408 209 407 
402 5 1 209 1 5 401 
402 221 401 
401 223 400 
401 223 400 
400 225 399 
400 1 1 5 1 209 1 5 1 1 399 
403 3 2 209 2 3 402 
409 207 408 
409 207 408 
408 209 407 
409 207 408 
409 207 408 
408 209 407 
410 205 409 
410 205 409 
410 205 409 
411 203 410 
411 203 410 
408 209 407 
407 211 406 
408 209 407 
407 4 1 201 1 4 406 
413 199 412 
414 197 413 
413 199 412 
415 195 414 
415 195 414 
416 193 415 
415 195 414 
414 197 413 
414 3 1 189 1 3 413 
419 187 418 
420 185 419 
420 185 419 
420 185 419 
420 1 1 181 1 1 419 
424 177 423 
424 177 423 
424 1 1 173 1 1 423 
428 169 427 
427 171 426 
430 165 429 
432 161 431 
434 1 1 153 1 1 433 
444 137 443 
442 141 441 
441 143 440 
439 147 438 
437 151 436 
436 153 435 
434 157 433 
432 161 431 
430 165 429 
430 165 429 
427 171 426 
426 173 425 
421 1 4 173 4 1 420 
422 181 421 
423 179 422 
415 1 4 1 1 181 1 1 4 1 414 
415 1 3 187 3 1 414 
418 189 417 
417 191 416 
413 1 4 189 4 1 412 
406 1 6 2 1 193 1 2 6 1 405 
406 2 5 199 5 2 405 
406 1 5 201 5 1 405 
410 205 409 
411 203 410 
410 1 1 201 1 1 409 
404 1 5 205 5 1 403 
403 3 1 1 1 207 1 1 1 3 402 
404 2 1 211 1 2 403 
393 1 6 1 2 219 2 1 6 1 392 
392 3 9 217 9 3 391 
392 3 4 1 4 217 4 1 4 3 391 
401 223 400 
403 219 402 
401 223 400 
399 1 1 223 1 1 398 
391 1 7 227 7 1 390 
391 1 4 1 2 1 1 223 1 1 2 1 4 1 390 
390 4 4 229 4 4 389 
389 6 2 231 2 6 388 
389 6 1 233 1 6 388 
390 5 1 233 1 5 389 
392 241 391 
392 241 391 
370 2 15 1 3 243 3 1 15 2 369 
370 2 20 241 20 2 369 
371 4 15 245 15 4 370 
370 6 8 1 5 245 5 1 8 6 369 
370 6 8 1 2 3 1 243 1 3 2 1 8 6 369 
370 6 11 251 11 6 369 
370 6 8 2 1 251 1 2 8 6 369 
371 1 15 251 15 1 370 
384 2 1 251 1 2 383 
387 251 386 
386 253 385 
385 255 384 
371 2 6 1 3 1 1 255 1 1 3 1 6 2 370 
371 2 2 2 7 257 7 2 2 2 370 
371 7 2 1 1 261 1 1 2 7 370 
371 7 5 259 5 7 370 
370 10 1 1 1 259 1 1 1 10 369 
370 9 2 263 2 9 369 
369 287 368 
370 9 1 265 1 9 369 
370 285 369 
371 283 370 
375 275 374 
376 273 375 
374 277 373 
327 1 45 279 45 1 326 
372 281 371 
372 281 371 
363 1 10 277 10 1 362 
362 2 6 1 1 281 1 1 6 2 361 
371 283 370 
370 285 369 
363 1 2 1 3 285 3 1 2 1 362 
363 2 6 283 6 2 362 
362 4 4 285 4 4 361 
322 1 40 3 3 287 3 3 40 1 321 
365 2 1 2 1 283 1 2 1 2 364 
344 1 22 1 1 287 1 1 22 1 343 
339 7 20 293 20 7 338 
318 1 20 8 20 291 20 8 20 1 317 
339 9 19 291 19 9 338 
340 9 18 291 18 9 339 
340 6 20 293 20 6 339 
365 295 364 
357 1 7 295 7 1 356 
365 295 364 
353 3 8 297 8 3 352 
352 4 8 297 8 4 351 
350 1 1 5 5 1 1 297 1 1 5 5 1 1 349 
343 1 7 6 6 299 6 6 7 1 342 
351 7 3 1 1 299 1 1 3 7 350 
341 1 5 1 1 10 4 299 4 10 1 1 5 1 340 
338 1 1 3 4 12 3 301 3 12 4 3 1 1 337 
338 6 1 14 2 303 2 14 1 6 337 
339 20 3 301 3 20 338 
339 21 1 303 1 21 338 
340 20 1 303 1 20 339 
342 341 341 
342 341 341 
342 341 341 
342 341 341 
341 343 340 
342 341 341 
342 341 341 
341 343 340 
341 343 340 
344 337 343 
345 335 344 
345 1 1 6 1 317 1 6 1 1 344 
349 1 3 319 3 1 348 
353 319 352 
352 321 351 
352 321 351 
352 321 351 
351 323 350 
352 321 351 
348 1 2 323 2 1 347 
350 325 349 
349 327 348 
350 325 349 
348 1 1 325 1 1 347 
345 2 2 327 2 2 344 
347 1 1 327 1 1 346 
346 333 345 
346 333 345 
347 331 346 
348 329 347 
348 329 347 
347 331 346 
345 1 1 331 1 1 344 
339 1 8 329 8 1 338 
338 4 6 329 6 4 337 
336 6 5 331 5 6 335 
337 7 3 331 3 7 336 
337 8 2 331 2 8 336 
337 9 1 331 1 9 336 
338 349 337 
338 349 337 
339 347 338 
338 1 1 345 1 1 337 
340 345 339 
341 2 2 335 2 2 340 
344 337 343 
344 337 343 
344 337 343 
343 339 342 
342 1 1 337 1 1 341 
342 341 341 
344 337 343 
342 341 341 
343 339 342 
339 2 2 339 2 2 338 
338 4 1 339 1 4 337 
338 349 337 
340 345 339 
339 347 338 
342 341 341 
342 341 341 
342 341 341 
342 341 341 
342 341 341 
342 341 341 
339 2 1 341 1 2 338 
340 345 339 
341 343 340 
342 341 341 
341 343 340 
341 343 340 
340 1 1 341 1 1 339 
314 1 26 343 26 1 313 
342 341 341 
342 341 341 
315 2 24 343 24 2 314 
314 3 6 1 17 343 17 1 6 3 313 
315 2 3 1 2 2 17 341 17 2 2 1 3 2 314 
301 4 5 1 3 12 2 2 12 341 12 2 2 12 3 1 5 4 300 
301 5 4 20 12 341 12 20 4 5 300 
301 5 3 22 1 1 9 341 9 1 1 22 3 5 300 
298 1 1 6 1 25 9 343 9 25 1 6 1 1 297 
301 34 7 341 7 34 300 
302 33 6 343 6 33 301 
303 33 6 341 6 33 302 
302 35 5 341 5 35 301 
301 37 4 341 4 37 300 
300 39 3 341 3 39 299 
299 40 3 341 3 40 298 
297 43 2 341 2 43 296 
297 44 1 341 1 44 296 
298 43 1 341 1 43 297 
297 44 1 341 1 44 296 
296 433 295 
296 46 1 339 1 46 295 
297 431 296 
248 1 47 433 47 1 247 
249 2 45 433 45 2 248 
248 3 45 433 45 3 247 
249 1 36 1 1 5 3 433 3 5 1 1 36 1 248 
287 7 2 433 2 7 286 
286 9 1 433 1 9 285 
286 57 1 337 1 57 285 
285 58 1 337 1 58 284 
260 1 24 58 1 337 1 58 24 1 259 
283 60 1 337 1 60 282 
283 60 1 337 1 60 282 
286 9 2 46 1 337 1 46 2 9 285 
287 8 2 46 2 335 2 46 2 8 286 
288 5 4 45 3 335 3 45 4 5 287 
288 1 2 1 6 44 3 335 3 44 6 1 2 1 287 
298 44 3 335 3 44 297 
299 43 3 335 3 43 298 
298 1 1 41 5 333 5 41 1 1 297 
300 40 5 335 5 40 299 
301 38 7 333 7 38 300 
300 38 8 333 8 38 299 
303 32 11 333 11 32 302 
298 1 4 31 3 1 8 333 8 1 3 31 4 1 297 
305 27 15 331 15 27 304 
307 24 16 331 16 24 306 
306 22 18 333 18 22 305 
305 4 1 15 3 1 19 329 19 1 3 15 1 4 304 
305 5 3 1 1 2 3 2 2 1 23 329 23 1 2 2 3 2 1 1 3 5 304 
262 1 42 4 8 3 29 327 29 3 8 4 42 1 261 
306 2 9 2 28 331 28 2 9 2 305 
306 1 42 327 42 1 305 
350 325 349 
350 325 349 
350 325 349 
349 327 348 
348 329 347 
349 1 1 323 1 1 348 
352 321 351 
352 321 351 
353 319 352 
353 319 352 
353 319 352 
354 317 353 
351 323 350 
350 325 349 
349 327 348 
351 3 2 313 2 3 350 
356 313 355 
357 311 356 
357 311 356 
356 313 355 
355 1 2 309 2 1 354 
359 307 358 
358 309 357 
359 307 358 
360 305 359 
361 303 360 
358 309 357 
355 315 354 
355 315 354 
355 8 1 297 1 8 354 
355 315 354 
355 8 2 295 2 8 354 
353 10 2 295 2 10 352 
353 2 1 7 3 293 3 7 1 2 352 
367 291 366 
368 289 367 
367 291 366 
368 289 367 
369 287 368 
370 285 369 
369 287 368 
368 289 367 
369 3 1 279 1 3 368 
368 1 1 1 2 279 2 1 1 1 367 
375 275 374 
368 1 6 275 6 1 367 
374 277 373 
374 2 1 271 1 2 373 
378 269 377 
378 269 377 
380 265 379 
381 131 1 131 380 
381 131 1 131 380 
383 129 1 129 382 
384 128 1 128 383 
385 126 3 126 384 
379 1 1 3 2 125 3 125 2 3 1 1 378 
377 10 1 123 3 123 1 10 376 
375 135 5 135 374 
372 1 2 134 7 134 2 1 371 
372 137 7 137 371 
373 135 9 135 372 
371 21 1 115 9 115 1 21 370 
372 21 2 111 13 111 2 21 371 
369 1 2 21 4 109 13 109 4 21 2 1 368 
368 26 3 108 15 108 3 26 367 
369 25 5 105 17 105 5 25 368 
371 23 6 103 19 103 6 23 370 
371 23 7 102 19 102 7 23 370 
371 23 9 98 23 98 9 23 370 
371 22 12 95 25 95 12 22 370 
372 21 11 2 2 90 1 1 25 1 1 90 2 2 11 21 371 
372 21 11 1 3 89 31 89 3 1 11 21 371 
373 18 21 84 33 84 21 18 372 
374 17 21 81 1 2 33 2 1 81 21 17 373 
373 18 20 4 1 76 3 1 33 1 3 76 1 4 20 18 372 
372 16 22 5 1 74 45 74 1 5 22 16 371 
371 5 2 8 25 4 5 70 45 70 5 4 25 8 2 5 370 
371 6 4 1 3 2 24 1 7 2 2 63 1 3 45 3 1 63 2 2 7 1 24 2 3 1 4 6 370 
372 4 9 1 37 1 1 59 3 3 45 3 3 59 1 1 37 1 9 4 371 
372 4 54 50 9 1 45 1 9 50 54 4 371 
430 49 67 49 429 
428 8 1 36 3 5 63 5 3 36 1 8 427 
427 10 4 1 2 25 1 1 5 5 63 5 5 1 1 25 2 1 4 10 426 
426 11 6 1 4 2 2 2 5 4 7 1 5 4 65 4 5 1 7 4 5 2 2 2 4 1 6 11 425 
425 13 9 3 8 6 12 3 67 3 12 6 8 3 9 13 424 
356 1 69 12 10 1 9 7 14 1 65 1 14 7 9 1 10 12 69 1 355 
355 2 5 1 63 12 19 8 95 8 19 12 63 1 5 2 354 
426 12 19 8 95 8 19 12 425 
425 13 20 6 97 6 20 13 424 
427 10 22 4 99 4 22 10 426 
427 10 24 1 101 1 24 10 426 
429 5 27 1 101 1 27 5 428 
429 3 161 3 428 
429 3 161 3 428 
430 1 163 1 429 
1024 
1024 
1024 
1024 
1024 
1024 
1024 
1024 
1024 
1024 
1024 
1024 
1024 
1024 
1024 
1024 
1024 
1024 
1024 
1024 
1024 
1024 
1024 
1024 
1024 
1024 
1024 
1024 
1024 
1024 
1024 
1024 
1024 
1024 
1024 
1024 
1024 
1024 
1024 
1024 
1024 
1024 
1024 
1024 
1024 
1024 
1024 
1024 
1024 
1024 
1024 
1024 
1024 
1024 
1024 
1024 
1024 
1024 
1024 
1024 
1024 
1024 
1024 
1024 
1024 
1024 
1024 
1024 
1024 
1024 
1024 
1024 
1024 
1024 
1024 
1024 
1024 
1024 
1024 
1024 
1024 
1024 
1024 
1024 
1024 
1024 
1024 
1024 
1024 
1024 
1024 
1024 
1024 
1024 
1024 
1024 
1024 
1024 
1024 
1024 
1024 
1024 
1024 
1024 
1024 
1024 
1024 
1024 
1024 
1024 
1024 
1024 
1024 
1024 
1024 
1024 
1024 
1024 
1024 
1024 
1024 
1024 
1024 
1024 
1024 
1024 
1024 
1024 
1024 
1024 
1024 
1024 
1024 
1024 
1024 
1024 
1024 
1024 
1024 
1024 
1024 
1024 
1024 
1024 
1024 
1024 
1024 
1024 
1024 
1024 
1024 
1024 
1024 
1024 
1024 
1024 
1024 
1024 
1024 
1024 
1024 
1024 
1024 
1024 
1024 
1024 
1024 
1024 
1024 
1024 
1024 
1024 
1024 
1024 
1024 
1024 
1024 
1024 
1024 
1024 
1024 
1024 
1024 
1024 
1024 
1024 
1024 
1024 
1024 
1024 
1024 
1024 
1024 
1024 
1024 
1024 
1024 
1024 
1024 
1024 
1024 
1024 
1024 
1024 
1024 
1024 
1024 
1024 
1024 
1024 
1024 
1024 
1024 
1024 
1024 
1024 
1024 
1024 
1024 
1024 
1024 
1024 
1024 
1024 
1024 
1024 
1024 
1024 
1024 
1024 
1024 
1024 
1024 
1024 
1024 
1024 
1024 
1024 
1024 
1024 
1024 
1024 
1024 
1024 
1024 
1024 
1024 
1024 
1024 
1024 
1024 
1024 
1024 
1024 
1024 
1024 
1024 
1024 
1024 
1024 
1024 
1024 
1024 
1024 
1024 
1024 
1024 
1024 
1024 
1024 
1024 
1024 
1024 
1024 
1024 
1024 
1024 
1024 
1024 
1024 
1024 
1024 
1024 
1024 
1024 
1024 
1024 
1024 
1024 
1024 
1024 
1024 
1024 
1024 
1024 
1024 
1024 
1024 
1024 
1024 
1024 
1024 
1024 
1024 
1024 
1024 
1024 
1024 
1024 
1024 
1024 
1024 
1024 
1024 
1024 
1024 
1024 
1024 
1024 
1024 
1024 
1024 
1024 
1024 
1024 
1024 
1024 
1024 
1024 
1024 
1024 
1024 
1024 
1024 
1024 
1024 
1024 
1024 
1024 
1024 
1024 
1024 
1024 
1024 
1024 
1024 
1024 
1024 
1024 
1024 
1024 
1024 
1024 
1024 
1024 
1024 
1024 
1024 
1024 
1024 
1024 
1024 
1024 
1024 
1024 
1024 
1024 
1024 
1024 
1024 
1024 
1024 
1024 
1024 
1024 
1024 
1024 
1024 
1024 
1024 
1024 
1024 
1024 
1024 
1024 
1024 
1024 
1024 
1024 
1024 
1024 
1024 
1024 
1024 
1024 
1024 
1024 
1024 
1024 
1024 
