1024 
1024 
1024 
1024 
1024 
1024 
1024 
1024 
1024 
1024 
1024 
1024 
1024 
1024 
1024 
1024 
1024 
1024 
1024 
1024 
1024 
1024 
1024 
1024 
1024 
1024 
1024 
1024 
1024 
1024 
1024 
1024 
1024 
1024 
1024 
1024 
1024 
1024 
1024 
1024 
1024 
1024 
1024 
1024 
1024 
1024 
1024 
1024 
1024 
1024 
1024 
1024 
1024 
1024 
1024 
1024 
1024 
1024 
1024 
1024 
1024 
1024 
1024 
1024 
1024 
1024 
1024 
1024 
1024 
1024 
1024 
1024 
1024 
1024 
1024 
1024 
1024 
1024 
1024 
1024 
1024 
1024 
1024 
1024 
1024 
1024 
1024 
1024 
1024 
1024 
1024 
1024 
1024 
1024 
1024 
1024 
1024 
1024 
1024 
1024 
1024 
1024 
1024 
1024 
1024 
1024 
1024 
1024 
1024 
1024 
1024 
1024 
1024 
1024 
1024 
1024 
1024 
1024 
1024 
1024 
1024 
1024 
1024 
1024 
1024 
1024 
1024 
1024 
1024 
1024 
1024 
1024 
1024 
1024 
1024 
1024 
1024 
1024 
1024 
1024 
1024 
1024 
1024 
1024 
1024 
1024 
1024 
1024 
1024 
1024 
1024 
1024 
1024 
1024 
1024 
1024 
1024 
1024 
1024 
1024 
1024 
1024 
1024 
1024 
1024 
1024 
1024 
1024 
1024 
1024 
1024 
1024 
1024 
1024 
1024 
1024 
1024 
1024 
1024 
1024 
1024 
1024 
1024 
1024 
1024 
1024 
1024 
1024 
1024 
282 1 459 1 281 
281 3 457 3 280 
280 3 459 3 279 
279 5 457 5 278 
279 5 457 5 278 
279 5 457 5 278 
280 4 457 4 279 
1024 
1024 
1024 
1024 
1024 
1024 
1024 
1024 
1024 
1024 
1024 
1024 
1024 
1024 
321 1 381 1 320 
1024 
270 1 483 1 269 
1024 
1024 
289 2 443 2 288 
1024 
1024 
1024 
1024 
1024 
1024 
1024 
1024 
1024 
1024 
1024 
1024 
253 1 71 1 373 1 71 1 252 
325 1 373 1 324 
1024 
1024 
307 1 409 1 306 
306 2 409 2 305 
1024 
1024 
1024 
1024 
1024 
1024 
1024 
326 1 59 1 251 1 59 1 325 
325 4 367 4 324 
325 4 367 4 324 
312 1 12 5 365 5 12 1 311 
313 3 3 5 1 4 367 4 1 5 3 3 312 
311 5 3 10 367 10 3 5 310 
311 5 1 14 363 14 1 5 310 
312 4 1 16 359 16 1 4 311 
313 20 359 20 312 
315 19 1 2 351 2 1 19 314 
313 24 351 24 312 
313 23 353 23 312 
312 24 353 24 311 
311 26 149 1 51 1 149 26 310 
312 24 353 24 311 
293 1 17 27 154 1 39 1 154 27 17 1 292 
311 27 349 27 310 
309 28 45 1 259 1 45 28 308 
309 28 351 28 308 
312 26 349 26 311 
312 24 353 24 311 
312 25 139 1 71 1 139 25 311 
312 24 353 24 311 
311 24 355 24 310 
313 22 21 2 1 1 16 1 3 1 263 1 3 1 16 1 1 2 21 22 312 
314 20 13 2 6 4 18 3 265 3 18 4 6 2 13 20 313 
314 19 7 1 2 1 3 3 5 5 14 1 1 4 265 4 1 1 14 5 5 3 3 1 2 1 7 19 313 
316 16 4 15 4 4 14 1 1 6 9 1 87 1 67 1 87 1 9 6 1 1 14 4 4 15 4 16 315 
318 12 1 27 16 9 259 9 16 27 1 12 317 
320 40 1 1 2 1 8 13 253 13 8 1 2 1 1 40 319 
325 40 8 12 255 12 8 40 324 
322 43 7 12 103 1 1 1 22 1 22 1 1 1 103 12 7 43 321 
320 47 6 12 102 4 43 4 102 12 6 47 319 
317 52 4 12 102 4 43 4 102 12 4 52 316 
315 1 1 55 1 12 103 3 4 3 29 3 4 3 103 12 1 55 1 1 314 
313 1 1 58 1 10 103 5 4 2 7 2 11 2 7 2 4 5 103 10 1 58 1 1 312 
313 70 102 10 2 1 2 1 2 1 1 4 7 4 1 1 2 1 2 1 2 10 102 70 312 
308 3 1 70 101 1 1 11 8 3 5 1 5 3 8 11 1 1 101 70 1 3 307 
302 1 6 68 105 13 10 2 5 1 5 2 10 13 105 68 6 1 301 
310 69 105 11 1 2 5 1 1 2 2 1 1 1 1 1 1 1 2 2 1 1 5 2 1 11 105 69 309 
299 1 2 1 5 72 82 1 17 1 2 15 5 1 2 1 1 9 1 1 2 1 5 15 2 1 17 1 82 72 5 1 2 1 298 
302 3 2 75 98 2 1 14 2 1 2 21 2 1 2 14 1 2 98 75 2 3 301 
301 4 2 75 102 13 2 2 1 21 1 2 2 13 102 75 2 4 300 
301 4 1 78 98 12 2 33 2 12 98 78 1 4 300 
302 82 99 59 99 82 301 
304 81 1 2 86 1 4 2 4 55 4 2 4 1 86 2 1 81 303 
303 85 71 2 12 1 5 1 1 1 1 59 1 1 1 1 5 1 12 2 71 85 302 
302 85 72 2 8 1 4 2 1 71 1 2 4 1 8 2 72 85 301 
300 88 70 4 11 6 1 65 1 6 11 4 70 88 299 
300 88 70 4 6 2 3 79 3 2 6 4 70 88 299 
300 89 70 2 12 79 12 2 70 89 299 
299 91 3 3 70 2 1 1 4 77 4 1 1 2 70 3 3 91 298 
290 5 4 92 2 5 68 93 68 5 2 92 4 5 289 
289 7 3 92 1 7 64 3 1 91 1 3 64 7 1 92 3 7 288 
289 7 2 102 61 1 2 97 2 1 61 102 2 7 288 
288 8 1 102 66 95 66 102 1 8 287 
287 111 63 1 1 99 1 1 63 111 286 
287 106 1 3 64 103 64 3 1 106 286 
285 109 64 1 2 103 2 1 64 109 284 
288 106 64 109 64 106 287 
288 107 63 109 63 107 287 
289 6 1 100 63 107 63 100 1 6 288 
287 1 3 1 3 101 63 107 63 101 3 1 3 1 286 
295 103 61 107 61 103 294 
295 101 51 3 2 1 4 1 1 107 1 1 4 1 2 3 51 101 294 
295 102 49 6 2 1 1 2 1 107 1 2 1 1 2 6 49 102 294 
294 104 48 5 1 121 1 5 48 104 293 
294 104 47 6 2 119 2 6 47 104 293 
294 104 1 2 33 2 8 1 1 4 1 123 1 4 1 1 8 2 33 2 1 104 293 
293 110 31 2 8 137 8 2 31 110 292 
293 110 39 141 39 110 292 
294 108 40 141 40 108 293 
294 105 1 2 38 145 38 2 1 105 293 
294 105 41 145 41 105 293 
294 105 42 143 42 105 293 
292 1 1 105 37 153 37 105 1 1 291 
291 3 1 105 36 153 36 105 1 3 290 
291 109 36 153 36 109 290 
290 110 35 1 1 151 1 1 35 110 289 
290 4 1 105 32 1 4 151 4 1 32 105 1 4 289 
292 2 1 108 26 2 1 2 2 153 2 2 1 2 26 108 1 2 291 
295 108 20 1 5 4 1 157 1 4 5 1 20 108 294 
296 104 1 1 24 6 1 159 1 6 24 1 1 104 295 
295 105 27 171 27 105 294 
297 103 25 1 1 171 1 1 25 103 296 
297 104 25 173 25 104 296 
296 104 24 177 24 104 295 
296 104 23 179 23 104 295 
296 106 21 179 21 106 295 
299 103 19 1 3 175 3 1 19 103 298 
290 1 9 100 20 3 1 177 1 3 20 100 9 1 289 
300 100 18 2 3 179 3 2 18 100 299 
300 100 18 189 18 100 299 
300 1 1 98 17 191 17 98 1 1 299 
303 98 14 195 14 98 302 
303 96 1 1 14 1 1 191 1 1 14 1 1 96 302 
305 94 14 3 2 189 2 3 14 94 304 
307 92 13 3 1 193 1 3 13 92 306 
309 90 13 201 13 90 308 
314 84 1 1 9 207 9 1 1 84 313 
312 86 12 1 1 201 1 1 12 86 311 
311 87 10 209 10 87 310 
310 89 9 209 9 89 309 
310 87 9 213 9 87 309 
308 1 1 87 9 2 1 207 1 2 9 87 1 1 307 
308 90 7 215 7 90 307 
308 89 7 217 7 89 307 
306 1 1 88 7 219 7 88 1 1 305 
309 87 6 221 6 87 308 
308 88 5 223 5 88 307 
309 86 5 225 5 86 308 
309 85 4 229 4 85 308 
309 85 4 1 1 225 1 1 4 85 308 
309 84 5 229 5 84 308 
310 83 3 233 3 83 309 
306 1 4 81 3 235 3 81 4 1 305 
312 80 2 237 2 80 311 
308 1 5 77 2 239 2 77 5 1 307 
318 72 3 239 3 72 317 
320 70 1 243 1 70 319 
290 1 31 2 2 63 1 245 1 63 2 2 31 1 289 
326 62 1 247 1 62 325 
325 62 1 249 1 62 324 
326 373 325 
327 371 326 
331 363 330 
334 1 1 353 1 1 333 
336 353 335 
337 1 1 347 1 1 336 
341 343 340 
344 337 343 
344 1 1 333 1 1 343 
347 30 1 269 1 30 346 
349 27 1 271 1 27 348 
349 26 1 273 1 26 348 
349 1 1 22 2 275 2 22 1 1 348 
327 1 24 19 3 277 3 19 24 1 326 
318 1 32 1 2 14 4 281 4 14 2 1 32 1 317 
273 1 79 1 3 6 8 283 8 6 3 1 79 1 272 
272 2 61 1 24 1 10 283 10 1 24 1 61 2 271 
338 1 28 1 2 285 2 1 28 1 337 
328 1 27 1 12 287 12 1 27 1 327 
368 289 367 
367 291 366 
362 1 2 295 2 1 361 
304 1 3 1 36 1 18 297 18 1 36 1 3 1 303 
298 1 66 295 66 1 297 
298 1 19 1 21 1 23 297 23 1 21 1 19 1 297 
363 299 362 
346 1 7 1 6 303 6 1 7 1 345 
315 1 45 303 45 1 314 
332 1 27 305 27 1 331 
359 307 358 
359 307 358 
346 1 10 311 10 1 345 
358 309 357 
357 311 356 
355 315 354 
320 2 9 1 8 1 14 315 14 1 8 1 9 2 319 
313 2 5 1 34 315 34 1 5 2 312 
354 317 353 
315 1 36 1 1 317 1 1 36 1 314 
306 1 45 321 45 1 305 
306 1 12 1 32 321 32 1 12 1 305 
351 323 350 
351 323 350 
348 2 1 323 1 2 347 
348 329 347 
349 327 348 
349 327 348 
298 2 48 329 48 2 297 
298 2 47 331 47 2 297 
348 329 347 
343 2 2 331 2 2 342 
343 339 342 
343 339 342 
344 337 343 
345 335 344 
344 337 343 
332 1 10 339 10 1 331 
342 341 341 
343 339 342 
341 343 340 
278 1 56 1 2 1 3 341 3 1 2 1 56 1 277 
335 5 2 341 2 5 334 
335 355 334 
335 355 334 
336 353 335 
337 351 336 
255 1 84 345 84 1 254 
255 1 83 347 83 1 254 
255 3 1 1 79 347 79 1 1 3 254 
254 6 79 347 79 6 253 
253 7 77 351 77 7 252 
254 6 78 349 78 6 253 
254 4 78 353 78 4 253 
336 353 335 
336 353 335 
335 355 334 
336 353 335 
325 1 4 1 5 353 5 1 4 1 324 
325 2 1 4 3 355 3 4 1 2 324 
324 9 2 355 2 9 323 
326 8 1 355 1 8 325 
325 9 1 355 1 9 324 
325 9 1 355 1 9 324 
326 373 325 
327 371 326 
328 369 327 
334 357 333 
333 359 332 
333 359 332 
333 359 332 
332 361 331 
322 1 3 1 5 361 5 1 3 1 321 
331 363 330 
331 363 330 
331 363 330 
331 363 330 
329 1 1 363 1 1 328 
328 369 327 
328 369 327 
330 365 329 
330 365 329 
328 1 1 365 1 1 327 
330 365 329 
330 365 329 
329 367 328 
329 367 328 
303 1 24 369 24 1 302 
329 367 328 
317 2 10 367 10 2 316 
317 2 3 1 6 367 6 1 3 2 316 
315 9 5 367 5 9 314 
309 3 3 11 3 367 3 11 3 3 308 
305 1 3 4 1 13 2 367 2 13 1 4 3 1 304 
308 20 1 367 1 20 307 
309 19 1 367 1 19 308 
309 407 308 
312 401 311 
312 401 311 
311 403 310 
300 1 11 401 11 1 299 
312 401 311 
311 403 310 
314 397 313 
314 1 1 2 1 9 1 367 1 9 1 2 1 1 313 
321 6 2 367 2 6 320 
329 367 328 
329 367 328 
329 367 328 
328 369 327 
329 367 328 
329 367 328 
329 367 328 
328 369 327 
329 367 328 
329 367 328 
330 365 329 
308 1 20 367 20 1 307 
326 373 325 
327 371 326 
311 1 18 365 18 1 310 
311 1 18 365 18 1 310 
330 365 329 
329 367 328 
330 365 329 
330 365 329 
330 365 329 
326 1 4 363 4 1 325 
325 5 1 363 1 5 324 
323 1 1 375 1 1 322 
323 379 322 
325 375 324 
325 6 1 361 1 6 324 
332 361 331 
332 361 331 
332 361 331 
332 361 331 
332 361 331 
327 1 4 361 4 1 326 
333 359 332 
333 359 332 
333 359 332 
331 2 1 357 1 2 330 
331 363 330 
325 1 5 363 5 1 324 
334 357 333 
334 357 333 
334 357 333 
335 355 334 
336 353 335 
334 357 333 
334 357 333 
335 1 1 351 1 1 334 
336 353 335 
334 1 2 351 2 1 333 
336 353 335 
337 351 336 
338 349 337 
338 349 337 
338 349 337 
339 347 338 
339 347 338 
319 1 5 2 13 345 13 2 5 1 318 
318 3 4 2 3 1 9 345 9 1 3 2 4 3 317 
318 3 2 8 2 1 7 343 7 1 2 8 2 3 317 
319 17 5 343 5 17 318 
308 1 6 1 1 20 5 341 5 20 1 1 6 1 307 
308 3 4 24 3 341 3 24 4 3 307 
306 6 2 27 2 339 2 27 2 6 305 
307 35 2 337 2 35 306 
307 36 1 337 1 36 306 
308 409 307 
310 405 309 
309 36 1 333 1 36 308 
308 409 307 
308 409 307 
307 411 306 
305 415 304 
307 411 306 
306 42 1 327 1 42 305 
305 415 304 
306 43 1 325 1 43 305 
305 45 1 323 1 45 304 
305 45 1 323 1 45 304 
299 3 3 45 2 321 2 45 3 3 298 
297 7 1 45 2 321 2 45 1 7 296 
298 7 1 44 3 319 3 44 1 7 297 
297 8 1 44 3 319 3 44 1 8 296 
297 53 4 317 4 53 296 
297 53 5 315 5 53 296 
296 54 5 315 5 54 295 
297 53 7 311 7 53 296 
269 1 25 10 2 42 7 313 7 42 2 10 25 1 268 
269 3 23 9 3 42 9 309 9 42 3 9 23 3 268 
269 3 28 2 5 41 11 307 11 41 5 2 28 3 268 
290 1 17 39 11 309 11 39 17 1 289 
309 39 13 303 13 39 308 
279 1 29 37 15 303 15 37 29 1 278 
309 1 1 35 16 301 16 35 1 1 308 
312 18 1 7 1 1 3 2 16 303 16 2 3 1 1 7 1 18 311 
313 16 3 3 26 2 1 297 1 2 26 3 3 16 312 
313 14 38 295 38 14 312 
313 3 1 8 40 295 40 8 1 3 312 
313 3 5 1 45 291 45 1 5 3 312 
314 1 6 1 45 291 45 1 6 1 313 
365 295 364 
365 147 1 147 364 
364 4 2 142 1 142 2 4 363 
371 141 1 141 370 
371 141 1 141 370 
285 1 87 138 3 138 87 1 284 
374 137 3 137 373 
376 135 3 135 375 
377 133 5 133 376 
375 134 7 134 374 
373 136 7 136 372 
372 136 9 136 371 
373 7 2 126 9 126 2 7 372 
372 9 2 124 11 124 2 9 371 
372 8 4 122 13 122 4 8 371 
367 1 3 2 1 3 1 1 5 1 1 119 15 119 1 1 5 1 1 3 1 2 3 1 366 
375 1 10 118 1 1 13 1 1 118 10 1 374 
388 116 17 116 387 
387 117 17 117 386 
387 3 1 110 2 1 17 1 2 110 1 3 386 
386 1 6 107 25 107 6 1 385 
393 108 23 108 392 
393 1 2 102 1 2 23 2 1 102 2 1 392 
396 1 1 98 33 98 1 1 395 
398 1 1 95 35 95 1 1 397 
402 94 33 94 401 
404 88 1 3 33 3 1 88 403 
402 3 1 85 2 2 35 2 2 85 1 3 401 
398 91 1 1 43 1 1 91 397 
396 14 1 75 53 75 1 14 395 
396 15 2 71 1 3 49 3 1 71 2 15 395 
394 1 1 16 3 67 2 5 47 5 2 67 3 16 1 1 393 
394 19 4 1 1 61 4 4 49 4 4 61 1 1 4 19 393 
394 20 6 1 2 53 1 1 1 1 5 2 51 2 5 1 1 1 1 53 2 1 6 20 393 
394 20 9 2 1 47 79 47 1 2 9 20 393 
394 21 8 1 6 39 2 4 75 4 2 39 6 1 8 21 393 
391 2 1 21 14 4 4 26 2 1 4 6 73 6 4 1 2 26 4 4 14 21 1 2 390 
391 2 1 21 13 5 4 1 2 1 6 3 1 4 2 2 2 2 6 8 9 1 51 1 9 8 6 2 2 2 2 4 1 3 6 1 2 1 4 5 13 21 1 2 390 
394 21 14 3 13 7 9 2 6 7 73 7 6 2 9 7 13 3 14 21 393 
393 21 15 1 14 9 17 5 75 5 17 9 14 1 15 21 392 
393 21 29 11 17 3 77 3 17 11 29 21 392 
394 19 2 1 27 12 17 1 79 1 17 12 27 1 2 19 393 
395 17 31 12 17 1 79 1 17 12 31 17 394 
396 12 35 12 18 1 77 1 18 12 35 12 395 
394 2 1 10 35 11 119 11 35 10 1 2 393 
394 12 36 1 1 8 121 8 1 1 36 12 393 
394 4 2 4 40 7 123 7 40 4 2 4 393 
394 4 6 1 41 4 125 4 41 1 6 4 393 
394 4 47 3 129 3 47 4 393 
395 1 50 2 129 2 50 1 394 
1024 
1024 
1024 
450 1 123 1 449 
1024 
383 1 7 1 241 1 7 1 382 
383 2 57 1 139 1 57 2 382 
447 1 129 1 446 
1024 
1024 
1024 
1024 
1024 
1024 
1024 
1024 
1024 
1024 
1024 
1024 
1024 
1024 
1024 
1024 
1024 
1024 
1024 
1024 
1024 
1024 
1024 
1024 
1024 
1024 
1024 
1024 
1024 
1024 
1024 
1024 
1024 
1024 
1024 
1024 
1024 
1024 
1024 
1024 
1024 
1024 
1024 
1024 
1024 
1024 
1024 
1024 
1024 
1024 
1024 
1024 
1024 
1024 
1024 
1024 
1024 
1024 
1024 
1024 
1024 
1024 
1024 
1024 
1024 
1024 
1024 
1024 
1024 
1024 
1024 
1024 
1024 
1024 
1024 
1024 
1024 
1024 
1024 
1024 
1024 
1024 
1024 
1024 
1024 
1024 
1024 
1024 
1024 
1024 
1024 
1024 
1024 
1024 
1024 
1024 
1024 
1024 
1024 
1024 
1024 
1024 
1024 
1024 
1024 
1024 
1024 
1024 
1024 
1024 
1024 
1024 
1024 
1024 
1024 
1024 
1024 
1024 
1024 
1024 
1024 
1024 
1024 
1024 
1024 
1024 
1024 
1024 
1024 
1024 
1024 
1024 
1024 
1024 
1024 
1024 
1024 
1024 
1024 
1024 
1024 
1024 
1024 
1024 
1024 
1024 
1024 
1024 
1024 
1024 
1024 
1024 
1024 
1024 
1024 
1024 
1024 
1024 
1024 
1024 
1024 
1024 
1024 
1024 
1024 
1024 
1024 
1024 
1024 
1024 
1024 
1024 
1024 
1024 
1024 
1024 
1024 
1024 
1024 
1024 
1024 
1024 
1024 
1024 
1024 
1024 
1024 
1024 
1024 
1024 
1024 
1024 
1024 
1024 
1024 
1024 
1024 
1024 
1024 
1024 
1024 
1024 
1024 
1024 
1024 
1024 
1024 
1024 
1024 
1024 
1024 
1024 
1024 
1024 
1024 
1024 
1024 
1024 
1024 
1024 
1024 
1024 
1024 
1024 
1024 
1024 
1024 
1024 
1024 
1024 
1024 
1024 
1024 
1024 
1024 
1024 
1024 
1024 
1024 
1024 
1024 
1024 
1024 
1024 
1024 
1024 
1024 
1024 
1024 
1024 
1024 
1024 
1024 
1024 
1024 
1024 
1024 
1024 
1024 
1024 
1024 
1024 
1024 
1024 
1024 
1024 
1024 
1024 
1024 
1024 
1024 
1024 
1024 
1024 
1024 
1024 
1024 
1024 
1024 
1024 
1024 
1024 
1024 
1024 
1024 
1024 
1024 
1024 
1024 
1024 
1024 
1024 
1024 
1024 
1024 
1024 
1024 
1024 
1024 
1024 
1024 
1024 
1024 
1024 
1024 
1024 
1024 
1024 
1024 
1024 
1024 
1024 
1024 
1024 
1024 
1024 
1024 
1024 
1024 
1024 
1024 
1024 
1024 
1024 
1024 
1024 
1024 
1024 
1024 
1024 
1024 
1024 
1024 
1024 
1024 
1024 
1024 
1024 
1024 
1024 
1024 
1024 
1024 
1024 
1024 
1024 
1024 
1024 
1024 
1024 
1024 
1024 
1024 
1024 
1024 
1024 
1024 
1024 
1024 
1024 
1024 
1024 
1024 
1024 
1024 
1024 
1024 
1024 
1024 
1024 
1024 
1024 
1024 
1024 
1024 
1024 
1024 
1024 
