1024 
1024 
1024 
1024 
1024 
1024 
1024 
1024 
1024 
1024 
1024 
1024 
1024 
1024 
1024 
1024 
1024 
1024 
1024 
1024 
1024 
1024 
1024 
1024 
1024 
1024 
1024 
1024 
1024 
1024 
1024 
1024 
1024 
1024 
1024 
1024 
1024 
1024 
1024 
1024 
1024 
1024 
1024 
1024 
1024 
1024 
1024 
1024 
1024 
1024 
1024 
1024 
1024 
1024 
1024 
1024 
1024 
1024 
1024 
1024 
1024 
1024 
1024 
1024 
1024 
1024 
1024 
1024 
1024 
1024 
1024 
1024 
1024 
1024 
1024 
1024 
1024 
1024 
1024 
1024 
1024 
1024 
1024 
1024 
1024 
1024 
1024 
1024 
1024 
1024 
1024 
1024 
1024 
1024 
1024 
1024 
1024 
1024 
1024 
1024 
1024 
391 2 239 2 390 
391 2 239 2 390 
390 3 239 3 389 
389 5 237 5 388 
388 7 235 7 387 
389 6 235 6 388 
389 5 237 5 388 
392 2 237 2 391 
1024 
1024 
1024 
1024 
1024 
1024 
1024 
1024 
1024 
1024 
1024 
1024 
1024 
1024 
1024 
1024 
1024 
1024 
1024 
1024 
1024 
1024 
1024 
1024 
385 1 30 1 191 1 30 1 384 
396 1 231 1 395 
1024 
1024 
1024 
1024 
1024 
1024 
1024 
1024 
1024 
1024 
1024 
1024 
1024 
1024 
1024 
1024 
1024 
1024 
1024 
1024 
1024 
1024 
1024 
1024 
1024 
1024 
417 2 187 2 416 
407 1 9 2 187 2 9 1 406 
407 2 207 2 406 
1024 
1024 
1024 
1024 
417 1 189 1 416 
1024 
1024 
1024 
1024 
1024 
418 1 187 1 417 
1024 
1024 
1024 
418 1 187 1 417 
411 1 6 2 185 2 6 1 410 
410 3 3 5 183 5 3 3 409 
409 5 2 6 181 6 2 5 408 
409 12 183 12 408 
409 13 181 13 408 
410 13 11 1 155 1 11 13 409 
410 15 1 1 171 1 1 15 409 
408 18 173 18 407 
408 19 171 19 407 
405 1 1 21 169 21 1 1 404 
406 22 2 1 163 1 2 22 405 
406 26 161 26 405 
405 26 163 26 404 
405 25 165 25 404 
402 2 1 26 40 1 81 1 40 26 1 2 401 
401 30 67 1 27 1 67 30 400 
402 29 163 29 401 
404 28 161 28 403 
403 30 159 30 402 
403 29 161 29 402 
404 28 161 28 403 
404 27 163 27 403 
402 30 161 30 401 
404 27 163 27 403 
404 27 163 27 403 
405 26 163 26 404 
404 26 165 26 403 
406 23 167 23 405 
406 23 7 1 151 1 7 23 405 
407 20 171 20 406 
408 19 171 19 407 
410 15 175 15 409 
412 11 5 2 2 1 2 1 2 1 147 1 2 1 2 1 2 2 5 11 411 
415 22 1 2 3 3 133 3 3 2 1 22 414 
414 28 1 3 6 5 111 5 6 3 1 28 413 
409 37 2 1 3 5 111 5 3 1 2 37 408 
406 44 2 5 111 5 2 44 405 
404 47 1 5 33 1 43 1 33 5 1 47 403 
400 2 1 53 113 53 1 2 399 
396 1 4 54 115 54 4 1 395 
386 1 8 2 1 59 111 59 1 2 8 1 385 
395 63 3 2 13 2 69 2 13 2 3 63 394 
396 67 9 1 1 5 67 5 1 1 9 67 395 
387 2 4 69 10 9 63 9 10 69 4 2 386 
385 5 3 70 9 10 1 2 55 2 1 10 9 70 3 5 384 
386 4 1 74 6 11 1 2 55 2 1 11 6 74 1 4 385 
337 1 48 80 5 14 55 14 5 80 48 1 336 
386 81 3 13 59 13 3 81 385 
388 81 1 13 59 13 1 81 387 
387 82 2 13 57 13 2 82 386 
386 84 1 12 59 12 1 84 385 
385 99 57 99 384 
382 100 1 1 57 1 1 100 381 
382 99 63 99 381 
383 97 65 97 382 
369 1 12 93 75 93 12 1 368 
356 1 12 5 7 95 73 95 7 5 12 1 355 
368 7 6 95 17 1 2 1 31 1 2 1 17 95 6 7 367 
367 9 4 97 71 97 4 9 366 
367 10 2 99 69 99 2 10 366 
366 11 2 99 69 99 2 11 365 
363 14 1 101 67 101 1 14 362 
363 14 1 103 63 103 1 14 362 
366 114 32 1 32 114 365 
366 115 63 115 365 
366 115 1 2 57 2 1 115 365 
367 118 55 118 366 
366 9 1 108 57 108 1 9 365 
369 1 2 1 2 108 26 1 1 1 1 1 1 1 26 108 2 1 2 1 368 
375 108 27 5 27 108 374 
374 109 23 1 1 9 1 1 23 109 373 
374 111 18 1 2 1 2 1 1 3 1 1 2 1 2 1 18 111 373 
373 112 19 3 1 9 1 3 19 112 372 
373 112 19 17 19 112 372 
372 113 3 2 1 1 13 15 13 1 1 2 3 113 371 
373 112 2 5 10 1 1 17 1 1 10 5 2 112 372 
373 112 1 7 7 1 2 19 2 1 7 7 1 112 372 
373 120 7 1 1 21 1 1 7 120 372 
371 124 3 1 2 23 2 1 3 124 370 
371 124 5 25 5 124 370 
372 121 3 2 2 25 2 2 3 121 371 
372 121 1 37 1 121 371 
372 115 6 1 2 33 2 1 6 115 371 
372 115 2 4 2 35 2 4 2 115 371 
372 117 1 45 1 117 371 
372 281 371 
372 116 1 47 1 116 371 
368 3 1 281 1 3 367 
366 293 365 
366 293 365 
366 293 365 
366 6 1 279 1 6 365 
367 5 1 279 1 5 366 
368 1 4 279 4 1 367 
373 279 372 
373 279 372 
374 277 373 
373 279 372 
374 277 373 
374 277 373 
375 275 374 
375 275 374 
374 1 1 273 1 1 373 
373 279 372 
373 279 372 
373 3 1 271 1 3 372 
377 271 376 
378 269 377 
379 267 378 
379 267 378 
379 267 378 
378 269 377 
379 1 1 263 1 1 378 
382 261 381 
383 259 382 
383 259 382 
383 1 1 255 1 1 382 
382 1 4 251 4 1 381 
387 251 386 
389 247 388 
389 1 2 241 2 1 388 
393 239 392 
396 1 1 3 1 221 1 3 1 1 395 
400 225 399 
398 229 397 
398 229 397 
398 229 397 
398 229 397 
399 227 398 
399 227 398 
399 227 398 
391 1 8 225 8 1 390 
396 1 3 1 1 221 1 1 3 1 395 
398 1 3 221 3 1 397 
401 1 2 217 2 1 400 
400 2 1 1 2 213 2 1 1 2 399 
400 1 1 4 3 207 3 4 1 1 399 
399 1 3 1 6 205 6 1 3 1 398 
403 1 1 1 4 205 4 1 1 1 402 
402 1 1 2 3 1 1 203 1 1 3 2 1 1 401 
403 1 4 2 1 203 1 2 4 1 402 
372 1 4 1 12 1 4 1 4 1 2 2 4 2 1 201 1 2 4 2 2 1 4 1 4 1 12 1 4 1 371 
374 1 21 1 3 1 3 1 1 1 1 1 1 1 1 201 1 1 1 1 1 1 1 1 3 1 3 1 21 1 373 
391 1 4 1 3 2 3 1 1 1 1 3 1 199 1 3 1 1 1 1 3 2 3 1 4 1 390 
396 1 9 4 1 203 1 4 9 1 395 
403 1 7 203 7 1 402 
397 1 4 1 1 1 3 5 1 197 1 5 3 1 1 1 4 1 396 
387 1 2 2 6 1 5 3 2 1 1 203 1 1 2 3 5 1 6 2 2 1 386 
397 2 3 1 1 1 2 1 1 1 1 1 1 199 1 1 1 1 1 1 2 1 1 1 3 2 396 
392 1 6 1 2 1 3 2 2 205 2 2 3 1 2 1 6 1 391 
361 1 7 1 29 1 1 1 2 2 2 209 2 2 2 1 1 1 29 1 7 1 360 
360 2 13 2 23 3 2 2 1 209 1 2 2 3 23 2 13 2 359 
399 1 1 1 3 3 1 207 1 3 3 1 1 1 398 
380 3 11 1 7 5 1 209 1 5 7 1 11 3 379 
366 1 23 1 4 1 3 2 2 1 1 215 1 1 2 2 3 1 4 1 23 1 365 
387 1 5 3 3 1 2 1 1 1 1 213 1 1 1 1 2 1 3 3 5 1 386 
398 3 3 217 3 3 397 
394 4 1 3 1 219 1 3 1 4 393 
396 2 1 1 1 1 1 219 1 1 1 1 1 2 395 
397 4 1 221 1 4 396 
389 2 7 229 7 2 388 
354 1 41 3 1 225 1 3 41 1 353 
394 1 2 231 2 1 393 
389 1 4 2 1 231 1 2 4 1 388 
359 1 10 2 5 1 2 3 3 1 5 1 1 1 2 231 2 1 1 1 5 1 3 3 2 1 5 2 10 1 358 
357 3 10 3 6 3 6 1 4 1 1 235 1 1 4 1 6 3 6 3 10 3 356 
335 1 21 4 9 3 6 3 8 1 1 241 1 1 8 3 6 3 9 4 21 1 334 
358 2 11 1 8 1 11 1 1 237 1 1 11 1 8 1 11 2 357 
342 1 46 2 1 241 1 2 46 1 341 
342 1 45 3 1 241 1 3 45 1 341 
341 5 39 1 2 249 2 1 39 5 340 
341 5 40 1 1 249 1 1 40 5 340 
341 5 43 247 43 5 340 
379 1 6 1 2 247 2 1 6 1 378 
379 1 5 255 5 1 378 
379 1 5 255 5 1 378 
379 1 1 3 1 255 1 3 1 1 378 
377 1 1 4 1 257 1 4 1 1 376 
379 267 378 
378 269 377 
378 269 377 
367 1 9 1 3 263 3 1 9 1 366 
367 1 8 1 1 269 1 1 8 1 366 
366 3 9 269 9 3 365 
365 6 7 269 7 6 364 
346 1 18 6 6 271 6 6 18 1 345 
365 7 2 1 3 269 3 1 2 7 364 
366 5 3 1 1 1 1 269 1 1 1 1 3 5 365 
367 3 3 2 1 273 1 2 3 3 366 
370 2 1 2 1 273 1 2 1 2 369 
345 1 25 1 1 279 1 1 25 1 344 
345 2 23 1 1 281 1 1 23 2 344 
345 2 15 1 8 283 8 1 15 2 344 
344 5 1 1 20 283 20 1 1 5 343 
344 7 20 283 20 7 343 
343 8 18 1 1 283 1 1 18 8 342 
343 9 14 1 3 285 3 1 14 9 342 
344 7 13 3 3 285 3 3 13 7 343 
345 6 13 3 2 287 2 3 13 6 344 
347 3 14 1 5 285 5 1 14 3 346 
363 1 1 1 3 287 3 1 1 1 362 
362 1 2 2 1 289 1 2 2 1 361 
357 1 6 297 6 1 356 
336 1 26 299 26 1 335 
364 297 363 
362 2 2 293 2 2 361 
357 2 1 1 2 299 2 1 1 2 356 
355 1 1 2 1 4 1 295 1 4 1 2 1 1 354 
357 311 356 
357 311 356 
356 313 355 
357 311 356 
352 1 3 313 3 1 351 
296 1 61 309 61 1 295 
358 309 357 
358 1 1 305 1 1 357 
359 307 358 
350 1 9 305 9 1 349 
358 309 357 
358 309 357 
356 313 355 
356 313 355 
352 1 4 311 4 1 351 
352 2 2 313 2 2 351 
352 2 2 313 2 2 351 
356 313 355 
353 319 352 
354 317 353 
341 1 7 1 3 1 1 315 1 1 3 1 7 1 340 
341 1 7 1 2 321 2 1 7 1 340 
352 321 351 
352 1 1 317 1 1 351 
353 319 352 
351 323 350 
350 325 349 
338 1 11 325 11 1 337 
337 3 11 323 11 3 336 
338 1 12 323 12 1 337 
328 2 4 10 3 1 3 323 3 1 3 10 4 2 327 
327 4 2 13 3 327 3 13 2 4 326 
326 5 1 14 3 327 3 14 1 5 325 
327 371 326 
327 20 1 329 1 20 326 
330 17 2 327 2 17 329 
330 18 1 327 1 18 329 
329 367 328 
330 365 329 
329 367 328 
330 365 329 
330 365 329 
322 1 6 367 6 1 321 
329 1 1 363 1 1 328 
332 361 331 
332 1 1 5 1 6 1 331 1 6 1 5 1 1 331 
343 339 342 
341 1 2 1 1 333 1 1 2 1 340 
341 1 1 2 1 333 1 2 1 1 340 
337 2 2 1 1 339 1 1 2 2 336 
341 343 340 
341 1 1 339 1 1 340 
341 1 1 339 1 1 340 
340 1 2 339 2 1 339 
332 1 3 1 5 341 5 1 3 1 331 
343 339 342 
333 1 3 1 3 343 3 1 3 1 332 
341 343 340 
341 343 340 
342 341 341 
335 2 5 341 5 2 334 
335 1 1 1 1 347 1 1 1 1 334 
339 347 338 
333 1 5 347 5 1 332 
340 345 339 
339 347 338 
326 3 12 343 12 3 325 
326 4 9 347 9 4 325 
326 4 9 347 9 4 325 
326 3 10 347 10 3 325 
337 1 1 347 1 1 336 
334 1 1 353 1 1 333 
333 359 332 
331 1 1 6 1 345 1 6 1 1 330 
331 363 330 
332 361 331 
332 361 331 
333 359 332 
336 353 335 
337 351 336 
336 1 1 349 1 1 335 
336 1 1 349 1 1 335 
334 2 2 349 2 2 333 
337 351 336 
335 1 1 351 1 1 334 
335 1 2 349 2 1 334 
338 349 337 
331 3 3 351 3 3 330 
331 2 3 353 3 2 330 
334 357 333 
333 359 332 
334 357 333 
335 355 334 
337 351 336 
338 349 337 
336 353 335 
336 353 335 
334 1 3 349 3 1 333 
334 1 1 1 1 349 1 1 1 1 333 
335 355 334 
335 2 1 349 1 2 334 
338 349 337 
337 351 336 
337 351 336 
336 353 335 
337 351 336 
338 349 337 
338 349 337 
338 349 337 
314 1 23 349 23 1 313 
313 3 5 2 15 349 15 2 5 3 312 
313 3 5 2 16 347 16 2 5 3 312 
301 1 12 11 1 2 9 1 1 347 1 1 9 2 1 11 12 1 300 
300 4 5 1 1 16 12 347 12 16 1 1 5 4 299 
300 5 4 22 8 347 8 22 4 5 299 
300 5 2 26 6 347 6 26 2 5 299 
299 6 1 27 6 347 6 27 1 6 298 
300 4 1 29 6 345 6 29 1 4 299 
303 33 4 345 4 33 302 
302 35 3 345 3 35 301 
301 37 2 345 2 37 300 
301 37 2 345 2 37 300 
300 39 1 345 1 39 299 
299 41 1 343 1 41 298 
297 43 1 343 1 43 296 
297 431 296 
298 429 297 
297 44 1 341 1 44 296 
296 433 295 
297 431 296 
296 433 295 
297 431 296 
290 1 6 431 6 1 289 
288 6 2 433 2 6 287 
252 1 34 8 1 433 1 8 34 1 251 
252 3 31 453 31 3 251 
252 2 32 57 1 337 1 57 32 2 251 
286 57 1 337 1 57 285 
286 57 1 337 1 57 285 
286 57 2 335 2 57 285 
284 12 1 46 2 335 2 46 1 12 283 
263 1 21 11 1 46 2 335 2 46 1 11 21 1 262 
288 7 3 44 4 333 4 44 3 7 287 
290 4 4 44 4 333 4 44 4 4 289 
298 43 5 333 5 43 297 
299 42 6 331 6 42 298 
299 42 5 333 5 42 298 
301 39 7 331 7 39 300 
301 37 9 331 9 37 300 
300 29 1 6 12 329 12 6 1 29 299 
303 26 20 327 20 26 302 
304 24 19 331 19 24 303 
306 21 22 327 22 21 305 
306 19 25 325 25 19 305 
305 4 1 12 27 327 27 12 1 4 304 
305 4 3 1 2 2 1 1 2 1 27 1 1 323 1 1 27 1 2 1 1 2 2 1 3 4 304 
305 4 7 2 33 323 33 2 7 4 304 
306 1 9 1 35 321 35 1 9 1 305 
267 1 84 321 84 1 266 
351 1 1 319 1 1 350 
304 1 45 325 45 1 303 
351 1 2 317 2 1 350 
354 317 353 
354 317 353 
355 315 354 
356 313 355 
356 313 355 
353 319 352 
353 319 352 
352 5 1 309 1 5 351 
354 2 2 309 2 2 353 
359 307 358 
360 305 359 
360 305 359 
359 307 358 
361 303 360 
362 301 361 
363 299 362 
363 299 362 
364 297 363 
362 2 1 295 1 2 361 
360 305 359 
359 307 358 
359 307 358 
359 8 1 289 1 8 358 
358 9 2 287 2 9 357 
357 9 4 285 4 9 356 
357 2 2 4 6 283 6 4 2 2 356 
362 1 9 281 9 1 361 
371 283 370 
373 279 372 
374 277 373 
357 1 17 275 17 1 356 
373 279 372 
373 3 1 271 1 3 372 
372 1 1 1 3 134 1 134 3 1 1 1 371 
379 133 1 133 378 
380 132 1 132 379 
379 133 1 133 378 
382 129 3 129 381 
382 129 3 129 381 
385 126 3 126 384 
384 126 5 126 383 
387 122 7 122 386 
388 120 9 120 387 
389 119 9 119 388 
391 116 11 116 390 
383 8 1 114 13 114 1 8 382 
381 124 15 124 380 
381 123 1 1 13 1 1 123 380 
378 1 1 124 17 124 1 1 377 
378 126 17 126 377 
378 20 2 101 23 101 2 20 377 
377 21 2 101 23 101 2 21 376 
377 22 3 97 1 1 23 1 1 97 3 22 376 
375 24 5 94 29 94 5 24 374 
374 25 7 90 33 90 7 25 373 
375 25 6 1 1 87 1 2 29 2 1 87 1 1 6 25 374 
377 23 10 84 2 2 29 2 2 84 10 23 376 
377 22 10 2 2 79 41 79 2 2 10 22 376 
377 22 10 2 2 78 43 78 2 2 10 22 376 
378 21 18 71 1 3 41 3 1 71 18 21 377 
378 20 18 3 1 65 4 3 41 3 4 65 1 3 18 20 377 
379 17 19 5 2 61 8 1 41 1 8 61 2 5 19 17 378 
380 15 21 4 4 56 65 56 4 4 21 15 379 
378 2 1 13 22 2 6 2 2 49 2 4 59 4 2 49 2 2 6 2 22 13 1 2 377 
377 16 23 1 15 1 1 39 1 2 2 5 59 5 2 2 1 39 1 1 15 1 23 16 376 
377 5 2 6 45 34 1 4 4 5 59 5 4 4 1 34 45 6 2 5 376 
377 5 4 1 2 2 42 7 5 2 1 14 1 3 13 3 61 3 13 3 1 14 1 2 5 7 42 2 2 1 4 5 376 
378 4 50 9 6 2 2 3 2 1 5 5 14 1 61 1 14 5 5 1 2 3 2 2 6 9 50 4 377 
378 1 52 11 9 2 8 7 89 7 8 2 9 11 52 1 377 
430 13 9 1 8 7 89 7 8 1 9 13 429 
431 12 18 7 89 7 18 12 430 
431 12 18 7 12 1 63 1 12 7 18 12 430 
430 12 20 4 93 4 20 12 429 
429 13 22 2 93 2 22 13 428 
432 9 23 1 95 1 23 9 431 
363 1 69 6 1 1 143 1 1 6 69 1 362 
435 3 149 3 434 
434 2 153 2 433 
434 2 153 2 433 
380 1 81 1 99 1 81 1 379 
1024 
1024 
1024 
1024 
1024 
1024 
428 1 167 1 427 
1024 
1024 
1024 
1024 
1024 
1024 
1024 
1024 
1024 
1024 
1024 
1024 
1024 
1024 
1024 
1024 
1024 
1024 
1024 
1024 
1024 
1024 
1024 
1024 
1024 
1024 
1024 
1024 
1024 
1024 
1024 
1024 
1024 
1024 
1024 
1024 
1024 
1024 
1024 
1024 
1024 
1024 
1024 
1024 
1024 
1024 
1024 
1024 
1024 
1024 
1024 
1024 
1024 
1024 
1024 
1024 
1024 
1024 
1024 
1024 
1024 
1024 
1024 
1024 
1024 
1024 
1024 
1024 
1024 
1024 
1024 
1024 
1024 
1024 
1024 
1024 
1024 
1024 
1024 
1024 
1024 
1024 
1024 
1024 
1024 
1024 
1024 
1024 
1024 
1024 
1024 
1024 
1024 
1024 
1024 
1024 
1024 
1024 
1024 
1024 
1024 
1024 
1024 
1024 
1024 
1024 
1024 
1024 
1024 
1024 
1024 
1024 
1024 
1024 
1024 
1024 
1024 
1024 
1024 
1024 
1024 
1024 
1024 
1024 
1024 
1024 
1024 
1024 
1024 
1024 
1024 
1024 
1024 
1024 
1024 
1024 
1024 
1024 
1024 
1024 
1024 
1024 
1024 
1024 
1024 
1024 
1024 
1024 
1024 
1024 
1024 
1024 
1024 
1024 
1024 
1024 
1024 
1024 
1024 
1024 
1024 
1024 
1024 
1024 
1024 
1024 
1024 
1024 
1024 
1024 
1024 
1024 
1024 
1024 
1024 
1024 
1024 
1024 
1024 
1024 
1024 
1024 
1024 
1024 
1024 
1024 
1024 
1024 
1024 
1024 
1024 
1024 
1024 
1024 
1024 
1024 
1024 
1024 
1024 
1024 
1024 
1024 
1024 
1024 
1024 
1024 
1024 
1024 
1024 
1024 
1024 
1024 
1024 
1024 
1024 
1024 
1024 
1024 
1024 
1024 
1024 
1024 
1024 
1024 
1024 
1024 
1024 
1024 
1024 
1024 
1024 
1024 
1024 
1024 
1024 
1024 
1024 
1024 
1024 
1024 
1024 
1024 
1024 
1024 
1024 
1024 
1024 
1024 
1024 
1024 
1024 
1024 
1024 
1024 
1024 
1024 
1024 
1024 
1024 
1024 
1024 
1024 
1024 
1024 
1024 
1024 
1024 
1024 
1024 
1024 
1024 
1024 
1024 
1024 
1024 
1024 
1024 
1024 
1024 
1024 
1024 
1024 
1024 
1024 
1024 
1024 
1024 
1024 
1024 
1024 
1024 
1024 
1024 
1024 
1024 
1024 
1024 
1024 
1024 
1024 
1024 
1024 
1024 
1024 
1024 
1024 
1024 
1024 
1024 
1024 
1024 
1024 
1024 
1024 
1024 
1024 
1024 
1024 
1024 
1024 
1024 
1024 
1024 
1024 
1024 
1024 
1024 
1024 
1024 
1024 
1024 
1024 
1024 
1024 
1024 
1024 
1024 
1024 
1024 
1024 
1024 
1024 
1024 
1024 
1024 
1024 
1024 
1024 
1024 
1024 
1024 
1024 
1024 
1024 
1024 
1024 
1024 
1024 
1024 
1024 
1024 
1024 
1024 
1024 
1024 
1024 
1024 
1024 
1024 
1024 
1024 
1024 
1024 
1024 
1024 
1024 
1024 
1024 
1024 
1024 
1024 
1024 
1024 
1024 
1024 
1024 
1024 
1024 
