1024
1024
1024
1024
1024
1024
1024
1024
1024
1024
1024
1024
1024
1024
1024
512 1 511
1024
1024
1024
1024
1024
1024
1024
1024
1024
1024
1024
1024
1024
1024
1024
1024
1024
1024
1024
1024
1024
1024
1024
1024
1024
1024
1024
1024
1024
1024
1024
1024
1024
1024
1024
1024
1024
1024
1024
1024
1024
512 1 511
511 3 510
512 1 511
510 5 509
510 5 509
508 9 507
509 7 508
510 5 509
1024
1024
1024
1024
1024
1024
1024
1024
1024
1024
1024
1024
1024
1024
1024
1024
1024
1024
1024
1024
1024
1024
1024
1024
1024
1024
1024
1024
1024
1024
512 1 511
512 1 511
1024
1024
1024
1024
1024
1024
1024
1024
1024
1024
1024
1024
1024
1024
1024
1024
1024
1024
1024
1024
1024
1024
1024
1024
1024
1024
1024
1024
1024
1024
1024
1024
1024
1024
1024
1024
512 1 511
511 3 510
1024
1024
1024
1024
1024
1024
1024
1024
1024
1024
1024
1024
1024
1024
512 1 511
1024
1024
1024
1024
512 1 511
512 1 511
510 5 509
510 5 509
509 7 508
509 7 508
509 7 508
510 5 509
509 7 508
506 13 505
503 19 502
503 19 502
502 21 501
496 4 1 23 1 4 495
497 31 496
497 31 496
499 27 498
499 27 498
498 29 497
498 29 497
497 31 496
496 33 495
495 35 494
496 33 495
497 31 496
497 31 496
498 29 497
495 1 1 31 1 1 494
498 29 497
498 29 497
498 29 497
499 27 498
500 25 499
501 23 500
502 21 501
503 19 502
505 15 504
507 11 506
504 1 4 7 4 1 503
500 25 499
494 1 1 33 1 1 493
489 2 1 41 1 2 488
483 2 5 45 5 2 482
482 4 1 51 1 4 481
483 59 482
471 1 11 59 11 1 470
471 4 5 65 5 4 470
471 5 3 67 3 5 470
471 5 2 69 2 5 470
471 83 470
472 81 471
474 77 473
473 79 472
471 83 470
469 87 468
465 2 2 87 2 2 464
465 95 464
466 93 465
466 93 465
450 1 14 95 14 1 449
450 3 1 1 8 99 8 1 1 3 449
447 8 8 99 8 8 446
443 2 1 10 6 101 6 10 1 2 442
442 15 4 103 4 15 441
442 16 3 103 3 16 441
444 14 2 105 2 14 443
444 14 1 107 1 14 443
444 14 1 107 1 14 443
445 135 444
445 135 444
444 137 443
444 1 1 10 1 111 1 10 1 1 443
447 8 1 113 1 8 446
447 1 1 5 1 115 1 5 1 1 446
455 115 454
454 117 453
454 117 453
453 119 452
453 119 452
452 121 451
452 121 451
452 121 451
450 125 449
451 123 450
450 125 449
451 123 450
445 1 4 125 4 1 444
447 131 446
447 131 446
447 1 2 125 2 1 446
449 127 448
449 127 448
449 127 448
448 129 447
449 127 448
448 129 447
448 129 447
449 127 448
445 1 3 127 3 1 444
442 5 1 129 1 5 441
441 143 440
441 7 1 127 1 7 440
439 147 438
439 147 438
441 143 440
442 5 1 129 1 5 441
442 1 5 129 5 1 441
448 129 447
448 129 447
449 127 448
448 129 447
449 127 448
449 127 448
448 129 447
448 129 447
450 125 449
449 127 448
450 125 449
451 123 450
451 123 450
451 123 450
447 131 446
447 131 446
447 131 446
446 5 1 121 1 5 445
449 1 3 119 3 1 448
453 119 452
453 119 452
453 119 452
453 119 452
455 115 454
455 115 454
456 113 455
456 113 455
454 117 453
454 3 1 109 1 3 453
454 3 1 109 1 3 453
451 1 7 107 7 1 450
459 107 458
459 107 458
461 103 460
461 103 460
460 105 459
460 105 459
460 2 2 97 2 2 459
464 97 463
466 93 465
466 93 465
466 93 465
469 87 468
470 85 469
470 85 469
470 2 1 79 1 2 469
474 77 473
474 77 473
476 73 475
477 71 476
477 1 2 65 2 1 476
480 65 479
482 61 481
484 57 483
487 51 486
490 45 489
492 41 491
496 33 495
501 23 500
512 1 511
494 37 493
469 1 10 1 4 55 4 1 10 1 468
474 1 2 1 2 65 2 1 2 1 473
465 1 4 1 3 77 3 1 4 1 464
465 2 3 85 3 2 464
459 1 5 95 5 1 458
458 3 2 99 2 3 457
451 1 7 1 1 103 1 1 7 1 450
450 3 2 115 2 3 449
450 3 1 117 1 3 449
439 2 10 123 10 2 438
439 4 5 1 1 125 1 1 5 4 438
438 5 4 131 4 5 437
439 4 2 135 2 4 438
439 147 438
423 2 15 145 15 2 422
424 5 5 1 2 151 2 1 5 5 423
423 6 5 157 5 6 422
423 6 3 1 1 157 1 1 3 6 422
422 7 3 161 3 7 421
423 6 2 163 2 6 422
423 5 1 167 1 5 422
425 175 424
425 175 424
424 177 423
399 2 20 183 20 2 398
398 3 5 1 10 2 2 183 2 2 10 1 5 3 397
398 9 10 191 10 9 397
400 8 9 191 9 8 399
399 9 6 1 1 193 1 1 6 9 398
398 11 5 197 5 11 397
398 11 3 201 3 11 397
397 12 2 203 2 12 396
397 12 1 205 1 12 396
399 9 1 207 1 9 398
399 227 398
401 223 400
402 2 1 215 1 2 401
342 1 61 217 61 1 341
353 1 48 221 48 1 352
401 223 400
401 223 400
399 227 398
397 231 396
397 231 396
389 4 2 235 2 4 388
390 3 2 235 2 3 389
390 245 389
390 245 389
392 241 391
369 1 21 243 21 1 368
368 3 18 247 18 3 367
357 2 6 5 17 1 1 247 1 1 17 5 6 2 356
355 6 2 10 1 1 11 253 11 1 1 10 2 6 354
356 5 1 12 13 251 13 12 1 5 355
341 1 14 20 10 253 10 20 14 1 340
356 21 1 1 5 1 1 253 1 1 5 1 1 21 355
357 2 1 17 8 255 8 17 1 2 356
359 19 6 257 6 19 358
359 19 5 259 5 19 358
358 20 4 261 4 20 357
358 20 3 263 3 20 357
357 21 3 263 3 21 356
358 20 2 265 2 20 357
359 19 1 267 1 19 358
359 307 358
357 20 1 269 1 20 356
357 2 1 305 1 2 356
360 305 359
361 303 360
362 12 1 275 1 12 361
362 1 1 9 1 277 1 9 1 1 361
365 1 1 1 5 279 5 1 1 1 364
372 281 371
371 283 370
370 285 369
371 283 370
370 285 369
368 289 367
369 287 368
368 289 367
365 295 364
366 293 365
366 293 365
365 295 364
365 295 364
360 4 1 295 1 4 359
361 303 360
362 301 361
363 299 362
363 299 362
362 301 361
360 305 359
361 303 360
360 305 359
360 305 359
349 1 2 5 3 305 3 5 2 1 348
348 10 1 307 1 10 347
349 1 1 7 1 307 1 7 1 1 348
350 325 349
351 323 350
351 323 350
351 323 350
354 1 2 311 2 1 353
356 313 355
355 315 354
356 313 355
355 315 354
355 315 354
353 1 1 315 1 1 352
353 319 352
354 317 353
353 319 352
345 1 6 321 6 1 344
349 3 1 319 1 3 348
347 331 346
348 329 347
349 327 348
352 321 351
351 323 350
351 323 350
350 325 349
351 323 350
351 323 350
348 329 347
347 331 346
348 329 347
349 327 348
349 327 348
349 327 348
349 327 348
347 331 346
319 2 26 1 1 327 1 1 26 2 318
319 3 26 329 26 3 318
304 1 14 3 6 1 19 329 19 1 6 3 14 1 303
305 3 6 1 1 1 1 8 1 3 17 331 17 3 1 8 1 1 1 1 6 3 304
304 5 5 16 17 331 17 16 5 5 303
303 6 2 21 1 1 14 329 14 1 1 21 2 6 302
304 5 1 24 13 331 13 24 1 5 303
304 33 10 331 10 33 303
307 30 10 331 10 30 306
306 32 8 333 8 32 305
305 34 8 331 8 34 304
302 1 1 37 6 331 6 37 1 1 301
303 39 5 331 5 39 302
302 40 5 331 5 40 301
299 2 1 41 4 331 4 41 1 2 298
299 44 4 331 4 44 298
301 43 2 333 2 43 300
300 44 2 333 2 44 299
247 2 51 45 1 333 1 45 51 2 246
247 2 49 47 1 333 1 47 49 2 246
298 47 1 333 1 47 297
298 47 1 333 1 47 297
298 429 297
298 429 297
291 3 4 429 4 3 290
288 7 3 429 3 7 287
259 1 28 9 1 429 1 9 28 1 258
287 10 1 429 1 10 286
287 451 286
287 451 286
284 2 1 451 1 2 283
283 459 282
285 1 1 451 1 1 284
287 10 2 46 1 333 1 46 2 10 286
288 8 3 46 1 333 1 46 3 8 287
290 5 4 46 1 333 1 46 4 5 289
289 1 2 1 6 46 1 333 1 46 6 1 2 1 288
300 44 2 333 2 44 299
300 44 3 331 3 44 299
301 42 4 331 4 42 300
301 41 5 331 5 41 300
302 40 5 331 5 40 301
303 38 6 331 6 38 302
302 38 7 331 7 38 301
302 38 7 331 7 38 301
306 32 9 331 9 32 305
305 1 1 31 9 331 9 31 1 1 304
308 28 12 329 12 28 307
259 2 49 25 12 331 12 25 49 2 258
308 25 1 1 13 329 13 1 1 25 307
307 5 2 17 17 329 17 17 2 5 306
308 4 5 9 3 2 15 333 15 2 3 9 5 4 307
308 5 4 1 4 2 24 329 24 2 4 1 4 5 307
309 3 9 3 24 329 24 3 9 3 308
322 1 25 329 25 1 321
347 331 346
347 331 346
322 1 26 327 26 1 321
348 329 347
349 327 348
350 325 349
348 329 347
347 331 346
348 2 1 323 1 2 347
351 323 350
351 323 350
350 325 349
351 323 350
352 321 351
352 321 351
349 3 1 319 1 3 348
349 327 348
349 327 348
347 331 346
350 2 2 317 2 2 349
354 317 353
354 317 353
354 317 353
354 1 1 313 1 1 353
354 317 353
356 313 355
356 313 355
357 311 356
357 311 356
358 309 357
358 309 357
355 3 1 307 1 3 354
352 321 351
352 321 351
352 321 351
352 8 1 303 1 8 351
352 8 1 303 1 8 351
350 10 2 301 2 10 349
350 2 1 7 2 301 2 7 1 2 349
354 5 4 299 4 5 353
356 1 6 299 6 1 355
364 297 363
363 299 362
365 295 364
343 1 21 295 21 1 342
366 293 365
367 291 366
365 295 364
364 297 363
364 4 1 287 1 4 363
366 1 2 287 2 1 365
370 285 369
371 283 370
371 283 370
370 285 369
373 279 372
374 277 373
373 279 372
375 275 374
375 275 374
377 271 376
378 269 377
379 267 378
380 265 379
380 265 379
374 5 2 263 2 5 373
370 12 1 259 1 12 369
369 287 368
367 291 366
368 144 1 144 367
367 19 1 125 1 125 1 19 366
366 21 1 124 1 124 1 21 365
366 21 2 122 3 122 2 21 365
363 25 2 121 3 121 2 25 362
362 26 2 121 3 121 2 26 361
363 25 4 118 5 118 4 25 362
365 23 4 118 5 118 4 23 364
365 23 5 116 7 116 5 23 364
365 23 8 112 9 112 8 23 364
365 22 8 112 11 112 8 22 364
366 21 11 109 11 109 11 21 365
366 22 12 106 13 106 12 22 365
367 19 13 106 15 106 13 19 366
368 17 14 2 1 103 15 103 1 2 14 17 367
369 17 17 100 19 100 17 17 368
366 18 22 96 21 96 22 18 365
366 16 26 95 19 95 26 16 365
365 6 3 5 1 2 23 95 25 95 23 2 1 5 3 6 364
365 6 9 2 23 4 2 88 27 88 2 4 23 2 9 6 364
366 5 10 1 23 4 3 84 2 2 25 2 2 84 3 4 23 1 10 5 365
366 1 2 1 36 3 6 80 35 80 6 3 36 1 2 1 365
405 2 7 2 1 78 35 78 1 2 7 2 404
414 1 3 74 1 2 35 2 1 74 3 1 413
420 71 3 1 35 1 3 71 419
363 1 37 1 22 63 51 63 22 1 37 1 362
426 62 49 62 425
347 2 74 60 2 3 49 3 2 60 74 2 346
422 9 3 45 2 1 3 3 49 3 3 1 2 45 3 9 421
421 11 4 40 73 40 4 11 420
421 11 7 1 1 1 1 27 3 4 71 4 3 27 1 1 1 1 7 11 420
420 12 11 3 2 1 1 1 1 1 1 6 2 1 3 2 5 5 69 5 5 2 3 1 2 6 1 1 1 1 1 1 2 3 11 12 419
420 13 10 3 9 5 13 5 69 5 13 5 9 3 10 13 419
420 13 21 6 14 3 71 3 14 6 21 13 419
419 13 21 8 15 1 71 1 15 8 21 13 418
420 12 21 8 103 8 21 12 419
422 10 22 7 103 7 22 10 421
423 7 1 1 21 7 105 7 21 1 1 7 422
425 3 1 1 25 4 107 4 25 1 1 3 424
424 3 30 2 107 2 30 3 423
424 3 171 3 423
425 1 173 1 424
1024
1024
1024
1024
1024
1024
1024
1024
1024
1024
423 1 177 1 422
1024
1024
1024
1024
1024
1024
1024
1024
1024
1024
1024
1024
1024
1024
1024
1024
1024
1024
1024
1024
1024
1024
1024
1024
1024
1024
1024
1024
1024
1024
1024
1024
1024
1024
1024
1024
1024
1024
1024
1024
1024
1024
1024
1024
1024
1024
1024
1024
1024
1024
1024
1024
1024
1024
1024
1024
1024
1024
1024
1024
1024
1024
1024
1024
1024
1024
1024
1024
1024
1024
1024
1024
1024
1024
1024
1024
1024
1024
1024
1024
1024
1024
1024
1024
1024
1024
1024
1024
1024
1024
1024
1024
1024
1024
1024
1024
1024
1024
1024
1024
1024
1024
1024
1024
1024
1024
1024
1024
1024
1024
1024
1024
1024
1024
1024
1024
1024
1024
1024
1024
1024
1024
1024
1024
1024
1024
1024
1024
1024
1024
1024
1024
1024
1024
1024
1024
1024
1024
1024
1024
1024
1024
1024
1024
1024
1024
1024
1024
1024
1024
1024
1024
1024
1024
1024
1024
1024
1024
1024
1024
1024
1024
1024
1024
1024
1024
1024
1024
1024
1024
1024
1024
1024
1024
1024
1024
1024
1024
1024
1024
1024
1024
1024
1024
1024
1024
1024
1024
1024
1024
1024
1024
1024
1024
1024
1024
1024
1024
1024
1024
1024
1024
1024
1024
1024
1024
1024
1024
1024
1024
1024
1024
1024
1024
1024
1024
1024
1024
1024
1024
1024
1024
1024
1024
1024
1024
1024
1024
1024
1024
1024
1024
1024
1024
1024
1024
1024
1024
1024
1024
1024
1024
1024
1024
1024
1024
1024
1024
1024
1024
1024
1024
1024
1024
1024
1024
1024
1024
1024
1024
1024
1024
1024
1024
1024
1024
1024
1024
1024
1024
1024
1024
1024
1024
1024
1024
1024
1024
1024
1024
1024
1024
1024
1024
1024
1024
1024
1024
1024
1024
1024
1024
1024
1024
1024
1024
1024
1024
1024
1024
1024
1024
1024
1024
1024
1024
1024
1024
1024
1024
1024
1024
1024
1024
1024
1024
1024
1024
1024
1024
1024
1024
1024
1024
1024
1024
1024
1024
1024
1024
1024
1024
1024
1024
1024
1024
1024
1024
1024
1024
1024
1024
1024
1024
1024
1024
1024
1024
1024
1024
1024
1024
1024
1024
1024
1024
1024
1024
1024
1024
1024
1024
1024
1024
1024
1024
1024
1024
1024
1024
1024
1024
1024
1024
1024
1024
1024
1024
1024
1024
1024
1024
1024
1024
1024
1024
1024
1024
1024
1024
1024
1024
1024
1024
