1024 
1024 
1024 
1024 
1024 
1024 
1024 
1024 
1024 
1024 
1024 
1024 
1024 
1024 
1024 
512 0 510 
1024 
1024 
1024 
1024 
1024 
1024 
1024 
1024 
1024 
1024 
1024 
1024 
1024 
1024 
1024 
1024 
1024 
1024 
1024 
1024 
1024 
1024 
1024 
1024 
1024 
1024 
1024 
1024 
1024 
1024 
1024 
1024 
1024 
1024 
1024 
1024 
1024 
1024 
1024 
1024 
1024 
512 0 510 
511 2 509 
512 0 510 
510 4 508 
510 4 508 
508 8 506 
509 6 507 
510 4 508 
1024 
1024 
1024 
1024 
1024 
1024 
1024 
1024 
1024 
1024 
1024 
1024 
1024 
1024 
1024 
1024 
1024 
1024 
1024 
1024 
1024 
1024 
1024 
1024 
1024 
1024 
1024 
1024 
1024 
1024 
512 0 510 
512 0 510 
1024 
1024 
1024 
1024 
1024 
1024 
1024 
1024 
1024 
1024 
1024 
1024 
1024 
1024 
1024 
1024 
1024 
1024 
1024 
1024 
1024 
1024 
1024 
1024 
1024 
1024 
1024 
1024 
1024 
1024 
1024 
1024 
1024 
1024 
1024 
1024 
512 0 510 
511 2 509 
1024 
1024 
1024 
1024 
1024 
1024 
1024 
1024 
1024 
1024 
1024 
1024 
1024 
1024 
512 0 510 
1024 
1024 
1024 
1024 
512 0 510 
512 0 510 
510 4 508 
510 4 508 
509 6 507 
509 6 507 
509 6 507 
510 4 508 
509 6 507 
506 12 504 
503 18 501 
503 18 501 
502 20 500 
496 3 0 22 0 3 494 
497 30 495 
497 30 495 
499 26 497 
499 26 497 
498 28 496 
498 28 496 
497 30 495 
496 32 494 
495 34 493 
496 32 494 
497 30 495 
497 30 495 
498 28 496 
495 0 0 30 0 0 493 
498 28 496 
498 28 496 
498 28 496 
499 26 497 
500 24 498 
501 22 499 
502 20 500 
503 18 501 
505 14 503 
507 10 505 
504 0 3 6 3 0 502 
500 24 498 
494 0 0 32 0 0 492 
489 1 0 40 0 1 487 
483 1 4 44 4 1 481 
482 3 0 50 0 3 480 
483 58 481 
471 0 10 58 10 0 469 
471 3 4 64 4 3 469 
471 4 2 66 2 4 469 
471 4 1 68 1 4 469 
471 82 469 
472 80 470 
474 76 472 
473 78 471 
471 82 469 
469 86 467 
465 1 1 86 1 1 463 
465 94 463 
466 92 464 
466 92 464 
450 0 13 94 13 0 448 
450 2 0 0 7 98 7 0 0 2 448 
447 7 7 98 7 7 445 
443 1 0 9 5 100 5 9 0 1 441 
442 14 3 102 3 14 440 
442 15 2 102 2 15 440 
444 13 1 104 1 13 442 
444 13 0 106 0 13 442 
444 13 0 106 0 13 442 
445 134 443 
445 134 443 
444 136 442 
444 0 0 9 0 110 0 9 0 0 442 
447 7 0 112 0 7 445 
447 0 0 4 0 114 0 4 0 0 445 
455 114 453 
454 116 452 
454 116 452 
453 118 451 
453 118 451 
452 120 450 
452 120 450 
452 120 450 
450 124 448 
451 122 449 
450 124 448 
451 122 449 
445 0 3 124 3 0 443 
447 130 445 
447 130 445 
447 0 1 124 1 0 445 
449 126 447 
449 126 447 
449 126 447 
448 128 446 
449 126 447 
448 128 446 
448 128 446 
449 126 447 
445 0 2 126 2 0 443 
442 4 0 128 0 4 440 
441 142 439 
441 6 0 126 0 6 439 
439 146 437 
439 146 437 
441 142 439 
442 4 0 128 0 4 440 
442 0 4 128 4 0 440 
448 128 446 
448 128 446 
449 126 447 
448 128 446 
449 126 447 
449 126 447 
448 128 446 
448 128 446 
450 124 448 
449 126 447 
450 124 448 
451 122 449 
451 122 449 
451 122 449 
447 130 445 
447 130 445 
447 130 445 
446 4 0 120 0 4 444 
449 0 2 118 2 0 447 
453 118 451 
453 118 451 
453 118 451 
453 118 451 
455 114 453 
455 114 453 
456 112 454 
456 112 454 
454 116 452 
454 2 0 108 0 2 452 
454 2 0 108 0 2 452 
451 0 6 106 6 0 449 
459 106 457 
459 106 457 
461 102 459 
461 102 459 
460 104 458 
460 104 458 
460 1 1 96 1 1 458 
464 96 462 
466 92 464 
466 92 464 
466 92 464 
469 86 467 
470 84 468 
470 84 468 
470 1 0 78 0 1 468 
474 76 472 
474 76 472 
476 72 474 
477 70 475 
477 0 1 64 1 0 475 
480 64 478 
482 60 480 
484 56 482 
487 50 485 
490 44 488 
492 40 490 
496 32 494 
501 22 499 
512 0 510 
494 36 492 
469 0 9 0 3 54 3 0 9 0 467 
474 0 1 0 1 64 1 0 1 0 472 
465 0 3 0 2 76 2 0 3 0 463 
465 1 2 84 2 1 463 
459 0 4 94 4 0 457 
458 2 1 98 1 2 456 
451 0 6 0 0 102 0 0 6 0 449 
450 2 1 114 1 2 448 
450 2 0 116 0 2 448 
439 1 9 122 9 1 437 
439 3 4 0 0 124 0 0 4 3 437 
438 4 3 130 3 4 436 
439 3 1 134 1 3 437 
439 146 437 
423 1 14 144 14 1 421 
424 4 4 0 1 150 1 0 4 4 422 
423 5 4 156 4 5 421 
423 5 2 0 0 156 0 0 2 5 421 
422 6 2 160 2 6 420 
423 5 1 162 1 5 421 
423 4 0 166 0 4 421 
425 174 423 
425 174 423 
424 176 422 
399 1 19 182 19 1 397 
398 2 4 0 9 1 1 182 1 1 9 0 4 2 396 
398 8 9 190 9 8 396 
400 7 8 190 8 7 398 
399 8 5 0 0 192 0 0 5 8 397 
398 10 4 196 4 10 396 
398 10 2 200 2 10 396 
397 11 1 202 1 11 395 
397 11 0 204 0 11 395 
399 8 0 206 0 8 397 
399 226 397 
401 222 399 
402 1 0 214 0 1 400 
342 0 60 216 60 0 340 
353 0 47 220 47 0 351 
401 222 399 
401 222 399 
399 226 397 
397 230 395 
397 230 395 
389 3 1 234 1 3 387 
390 2 1 234 1 2 388 
390 244 388 
390 244 388 
392 240 390 
369 0 20 242 20 0 367 
368 2 17 246 17 2 366 
357 1 5 4 16 0 0 246 0 0 16 4 5 1 355 
355 5 1 9 0 0 10 252 10 0 0 9 1 5 353 
356 4 0 11 12 250 12 11 0 4 354 
341 0 13 19 9 252 9 19 13 0 339 
356 20 0 0 4 0 0 252 0 0 4 0 0 20 354 
357 1 0 16 7 254 7 16 0 1 355 
359 18 5 256 5 18 357 
359 18 4 258 4 18 357 
358 19 3 260 3 19 356 
358 19 2 262 2 19 356 
357 20 2 262 2 20 355 
358 19 1 264 1 19 356 
359 18 0 266 0 18 357 
359 306 357 
357 19 0 268 0 19 355 
357 1 0 304 0 1 355 
360 304 358 
361 302 359 
362 11 0 274 0 11 360 
362 0 0 8 0 276 0 8 0 0 360 
365 0 0 0 4 278 4 0 0 0 363 
372 280 370 
371 282 369 
370 284 368 
371 282 369 
370 284 368 
368 288 366 
369 286 367 
368 288 366 
365 294 363 
366 292 364 
366 292 364 
365 294 363 
365 294 363 
360 3 0 294 0 3 358 
361 302 359 
362 300 360 
363 298 361 
363 298 361 
362 300 360 
360 304 358 
361 302 359 
360 304 358 
360 304 358 
349 0 1 4 2 304 2 4 1 0 347 
348 9 0 306 0 9 346 
349 0 0 6 0 306 0 6 0 0 347 
350 324 348 
351 322 349 
351 322 349 
351 322 349 
354 0 1 310 1 0 352 
356 312 354 
355 314 353 
356 312 354 
355 314 353 
355 314 353 
353 0 0 314 0 0 351 
353 318 351 
354 316 352 
353 318 351 
345 0 5 320 5 0 343 
349 2 0 318 0 2 347 
347 330 345 
348 328 346 
349 326 347 
352 320 350 
351 322 349 
351 322 349 
350 324 348 
351 322 349 
351 322 349 
348 328 346 
347 330 345 
348 328 346 
349 326 347 
349 326 347 
349 326 347 
349 326 347 
347 330 345 
319 1 25 0 0 326 0 0 25 1 317 
319 2 25 328 25 2 317 
304 0 13 2 5 0 18 328 18 0 5 2 13 0 302 
305 2 5 0 0 0 0 7 0 2 16 330 16 2 0 7 0 0 0 0 5 2 303 
304 4 4 15 16 330 16 15 4 4 302 
303 5 1 20 0 0 13 328 13 0 0 20 1 5 301 
304 4 0 23 12 330 12 23 0 4 302 
304 32 9 330 9 32 302 
307 29 9 330 9 29 305 
306 31 7 332 7 31 304 
305 33 7 330 7 33 303 
302 0 0 36 5 330 5 36 0 0 300 
303 38 4 330 4 38 301 
302 39 4 330 4 39 300 
299 1 0 40 3 330 3 40 0 1 297 
299 43 3 330 3 43 297 
301 42 1 332 1 42 299 
300 43 1 332 1 43 298 
247 1 50 44 0 332 0 44 50 1 245 
247 1 48 46 0 332 0 46 48 1 245 
298 46 0 332 0 46 296 
298 46 0 332 0 46 296 
298 428 296 
298 428 296 
291 2 3 428 3 2 289 
288 6 2 428 2 6 286 
259 0 27 8 0 428 0 8 27 0 257 
287 9 0 428 0 9 285 
287 450 285 
287 450 285 
284 1 0 450 0 1 282 
283 458 281 
285 0 0 450 0 0 283 
287 9 1 45 0 332 0 45 1 9 285 
288 7 2 45 0 332 0 45 2 7 286 
290 4 3 45 0 332 0 45 3 4 288 
289 0 1 0 5 45 0 332 0 45 5 0 1 0 287 
300 43 1 332 1 43 298 
300 43 2 330 2 43 298 
301 41 3 330 3 41 299 
301 40 4 330 4 40 299 
302 39 4 330 4 39 300 
303 37 5 330 5 37 301 
302 37 6 330 6 37 300 
302 37 6 330 6 37 300 
306 31 8 330 8 31 304 
305 0 0 30 8 330 8 30 0 0 303 
308 27 11 328 11 27 306 
259 1 48 24 11 330 11 24 48 1 257 
308 24 0 0 12 328 12 0 0 24 306 
307 4 1 16 16 328 16 16 1 4 305 
308 3 4 8 2 1 14 332 14 1 2 8 4 3 306 
308 4 3 0 3 1 23 328 23 1 3 0 3 4 306 
309 2 8 2 23 328 23 2 8 2 307 
322 0 24 328 24 0 320 
347 330 345 
347 330 345 
322 0 25 326 25 0 320 
348 328 346 
349 326 347 
350 324 348 
348 328 346 
347 330 345 
348 1 0 322 0 1 346 
351 322 349 
351 322 349 
350 324 348 
351 322 349 
352 320 350 
352 320 350 
349 2 0 318 0 2 347 
349 326 347 
349 326 347 
347 330 345 
350 1 1 316 1 1 348 
354 316 352 
354 316 352 
354 316 352 
354 0 0 312 0 0 352 
354 316 352 
356 312 354 
356 312 354 
357 310 355 
357 310 355 
358 308 356 
358 308 356 
355 2 0 306 0 2 353 
352 320 350 
352 320 350 
352 320 350 
352 7 0 302 0 7 350 
352 7 0 302 0 7 350 
350 9 1 300 1 9 348 
350 1 0 6 1 300 1 6 0 1 348 
354 4 3 298 3 4 352 
356 0 5 298 5 0 354 
364 296 362 
363 298 361 
365 294 363 
343 0 20 294 20 0 341 
366 292 364 
367 290 365 
365 294 363 
364 296 362 
364 3 0 286 0 3 362 
366 0 1 286 1 0 364 
370 284 368 
371 282 369 
371 282 369 
370 284 368 
373 278 371 
374 276 372 
373 278 371 
375 274 373 
375 274 373 
377 270 375 
378 268 376 
379 266 377 
380 264 378 
380 264 378 
374 4 1 262 1 4 372 
370 11 0 258 0 11 368 
369 286 367 
367 290 365 
368 143 0 143 366 
367 18 0 124 0 124 0 18 365 
366 20 0 123 0 123 0 20 364 
366 20 1 121 2 121 1 20 364 
363 24 1 120 2 120 1 24 361 
362 25 1 120 2 120 1 25 360 
363 24 3 117 4 117 3 24 361 
365 22 3 117 4 117 3 22 363 
365 22 4 115 6 115 4 22 363 
365 22 7 111 8 111 7 22 363 
365 21 7 111 10 111 7 21 363 
366 20 10 108 10 108 10 20 364 
366 21 11 105 12 105 11 21 364 
367 18 12 105 14 105 12 18 365 
368 16 13 1 0 102 14 102 0 1 13 16 366 
369 16 16 99 18 99 16 16 367 
366 17 21 95 20 95 21 17 364 
366 15 25 94 18 94 25 15 364 
365 5 2 4 0 1 22 94 24 94 22 1 0 4 2 5 363 
365 5 8 1 22 3 1 87 26 87 1 3 22 1 8 5 363 
366 4 9 0 22 3 2 83 1 1 24 1 1 83 2 3 22 0 9 4 364 
366 0 1 0 35 2 5 79 34 79 5 2 35 0 1 0 364 
405 1 6 1 0 77 34 77 0 1 6 1 403 
414 0 2 73 0 1 34 1 0 73 2 0 412 
420 70 2 0 34 0 2 70 418 
363 0 36 0 21 62 50 62 21 0 36 0 361 
426 61 48 61 424 
347 1 73 59 1 2 48 2 1 59 73 1 345 
422 8 2 44 1 0 2 2 48 2 2 0 1 44 2 8 420 
421 10 3 39 72 39 3 10 419 
421 10 6 0 0 0 0 26 2 3 70 3 2 26 0 0 0 0 6 10 419 
420 11 10 2 1 0 0 0 0 0 0 5 1 0 2 1 4 4 68 4 4 1 2 0 1 5 0 0 0 0 0 0 1 2 10 11 418 
420 12 9 2 8 4 12 4 68 4 12 4 8 2 9 12 418 
420 12 20 5 13 2 70 2 13 5 20 12 418 
419 12 20 7 14 0 70 0 14 7 20 12 417 
420 11 20 7 102 7 20 11 418 
422 9 21 6 102 6 21 9 420 
423 6 0 0 20 6 104 6 20 0 0 6 421 
425 2 0 0 24 3 106 3 24 0 0 2 423 
424 2 29 1 106 1 29 2 422 
424 2 170 2 422 
425 0 172 0 423 
1024 
1024 
1024 
1024 
1024 
1024 
1024 
1024 
1024 
1024 
423 0 176 0 421 
1024 
1024 
1024 
1024 
1024 
1024 
1024 
1024 
1024 
1024 
1024 
1024 
1024 
1024 
1024 
1024 
1024 
1024 
1024 
1024 
1024 
1024 
1024 
1024 
1024 
1024 
1024 
1024 
1024 
1024 
1024 
1024 
1024 
1024 
1024 
1024 
1024 
1024 
1024 
1024 
1024 
1024 
1024 
1024 
1024 
1024 
1024 
1024 
1024 
1024 
1024 
1024 
1024 
1024 
1024 
1024 
1024 
1024 
1024 
1024 
1024 
1024 
1024 
1024 
1024 
1024 
1024 
1024 
1024 
1024 
1024 
1024 
1024 
1024 
1024 
1024 
1024 
1024 
1024 
1024 
1024 
1024 
1024 
1024 
1024 
1024 
1024 
1024 
1024 
1024 
1024 
1024 
1024 
1024 
1024 
1024 
1024 
1024 
1024 
1024 
1024 
1024 
1024 
1024 
1024 
1024 
1024 
1024 
1024 
1024 
1024 
1024 
1024 
1024 
1024 
1024 
1024 
1024 
1024 
1024 
1024 
1024 
1024 
1024 
1024 
1024 
1024 
1024 
1024 
1024 
1024 
1024 
1024 
1024 
1024 
1024 
1024 
1024 
1024 
1024 
1024 
1024 
1024 
1024 
1024 
1024 
1024 
1024 
1024 
1024 
1024 
1024 
1024 
1024 
1024 
1024 
1024 
1024 
1024 
1024 
1024 
1024 
1024 
1024 
1024 
1024 
1024 
1024 
1024 
1024 
1024 
1024 
1024 
1024 
1024 
1024 
1024 
1024 
1024 
1024 
1024 
1024 
1024 
1024 
1024 
1024 
1024 
1024 
1024 
1024 
1024 
1024 
1024 
1024 
1024 
1024 
1024 
1024 
1024 
1024 
1024 
1024 
1024 
1024 
1024 
1024 
1024 
1024 
1024 
1024 
1024 
1024 
1024 
1024 
1024 
1024 
1024 
1024 
1024 
1024 
1024 
1024 
1024 
1024 
1024 
1024 
1024 
1024 
1024 
1024 
1024 
1024 
1024 
1024 
1024 
1024 
1024 
1024 
1024 
1024 
1024 
1024 
1024 
1024 
1024 
1024 
1024 
1024 
1024 
1024 
1024 
1024 
1024 
1024 
1024 
1024 
1024 
1024 
1024 
1024 
1024 
1024 
1024 
1024 
1024 
1024 
1024 
1024 
1024 
1024 
1024 
1024 
1024 
1024 
1024 
1024 
1024 
1024 
1024 
1024 
1024 
1024 
1024 
1024 
1024 
1024 
1024 
1024 
1024 
1024 
1024 
1024 
1024 
1024 
1024 
1024 
1024 
1024 
1024 
1024 
1024 
1024 
1024 
1024 
1024 
1024 
1024 
1024 
1024 
1024 
1024 
1024 
1024 
1024 
1024 
1024 
1024 
1024 
1024 
1024 
1024 
1024 
1024 
1024 
1024 
1024 
1024 
1024 
1024 
1024 
1024 
1024 
1024 
1024 
1024 
1024 
1024 
1024 
1024 
1024 
1024 
1024 
1024 
1024 
1024 
1024 
1024 
1024 
1024 
1024 
1024 
1024 
1024 
1024 
1024 
1024 
1024 
1024 
1024 
1024 
1024 
1024 
1024 
1024 
1024 
1024 
1024 
1024 
1024 
1024 
1024 
1024 
1024 
1024 
1024 
1024 
1024 
1024 
1024 
1024 
1024 
1024 
1024 
1024 
1024 
1024 
1024 
1024 
1024 
1024 
1024 
1024 
1024 
1024 
